/*--------------------------------*- C++ -*----------------------------------*\
| =========                 |                                                 |
| \\      /  F ield         | OpenFOAM: The Open Source CFD Toolbox           |
|  \\    /   O peration     | Version:  2112                                  |
|   \\  /    A nd           | Website:  www.openfoam.com                      |
|    \\/     M anipulation  |                                                 |
\*---------------------------------------------------------------------------*/
FoamFile
{
    version     2.0;
    format      ascii;
    arch        "LSB;label=64;scalar=64";
    note        "nPoints:11878  nCells:5755  nFaces:23045  nInternalFaces:11168";
    class       labelList;
    location    "constant/polyMesh";
    object      neighbour;
}
// * * * * * * * * * * * * * * * * * * * * * * * * * * * * * * * * * * * * * //


11168
(
1
15
2
16
3
17
4
18
5
19
6
20
7
21
8
22
9
23
10
24
11
25
12
26
13
27
14
28
29
16
30
17
31
18
32
19
33
20
34
21
35
22
36
23
37
24
38
25
39
26
40
27
41
28
42
29
43
44
31
45
32
46
33
47
34
48
35
49
36
50
37
51
38
52
39
53
40
54
41
55
42
56
43
57
44
58
59
46
60
47
61
48
62
49
63
50
64
51
65
52
66
53
67
54
68
55
69
56
70
57
71
58
72
59
73
74
61
75
62
76
63
77
64
78
65
79
66
80
67
81
68
82
69
83
70
84
71
85
72
86
73
87
74
88
89
76
90
77
91
78
92
79
93
80
94
81
95
82
96
83
97
84
98
85
99
86
100
87
101
88
102
89
103
104
91
105
92
106
93
107
94
108
95
109
96
110
97
111
98
112
99
113
100
114
101
115
102
116
103
117
104
118
119
106
120
107
121
108
122
109
123
110
124
111
125
112
126
113
127
114
128
115
129
116
130
117
131
118
132
119
133
134
121
135
122
136
123
137
124
138
125
139
126
140
127
141
128
142
129
143
130
144
131
145
132
146
133
147
134
148
149
136
150
137
151
138
152
139
153
140
154
141
155
142
156
143
157
144
158
145
159
146
160
147
161
148
162
149
163
164
151
165
152
166
153
167
154
168
155
169
156
170
157
171
158
172
159
173
160
174
161
175
162
176
163
177
164
178
179
166
180
167
181
168
182
169
183
170
184
171
185
172
186
173
187
174
188
175
189
176
190
177
191
178
192
179
193
194
181
195
182
196
183
197
184
198
185
199
186
200
187
201
188
202
189
203
190
204
191
205
192
206
193
207
194
208
209
196
210
197
211
198
212
199
213
200
214
201
215
202
216
203
217
204
218
205
219
206
220
207
221
208
222
209
223
224
211
225
212
226
213
227
214
228
215
229
216
230
217
231
218
232
219
233
220
234
221
235
222
236
223
237
224
238
239
226
240
227
241
228
242
229
243
230
244
231
245
232
246
233
247
234
248
235
249
236
250
237
251
238
252
239
253
254
241
255
242
256
243
257
244
258
245
259
246
260
247
261
248
262
249
263
250
264
251
265
252
266
253
267
254
268
269
256
270
257
271
258
272
259
273
260
274
261
275
262
276
263
277
264
278
265
279
266
280
267
281
268
282
269
283
284
271
285
272
286
273
287
274
288
275
289
276
290
277
291
278
292
279
293
280
294
281
295
282
296
283
297
284
298
299
286
300
287
301
288
302
289
303
290
304
291
305
292
306
293
307
294
308
295
309
296
310
297
311
298
312
299
313
314
301
315
302
316
303
317
304
318
305
319
306
320
307
321
308
322
309
323
310
324
311
325
312
326
313
327
314
328
329
316
330
317
331
318
332
319
333
320
334
321
335
322
336
323
337
324
338
325
339
326
340
327
341
328
342
329
343
344
331
345
332
346
333
347
334
348
335
349
336
350
337
351
338
352
339
353
340
354
341
355
342
356
343
357
344
358
359
346
360
347
361
348
362
349
363
350
364
351
365
352
366
353
367
354
368
355
369
356
370
357
371
358
372
359
373
374
361
375
362
376
363
377
364
378
365
379
366
380
367
381
368
382
369
383
370
384
371
385
372
386
373
387
374
388
389
376
390
377
391
378
392
379
393
380
394
381
395
382
396
383
397
384
398
385
399
386
400
387
401
388
402
389
403
404
391
405
392
406
393
407
394
408
395
409
396
410
397
411
398
412
399
413
400
414
401
415
402
416
403
417
404
418
419
406
420
407
421
408
422
409
423
410
424
411
425
412
426
413
427
414
428
415
429
416
430
417
431
418
432
419
433
434
421
435
422
436
423
437
424
438
425
439
426
440
427
441
428
442
429
443
430
444
431
445
432
446
433
447
434
448
449
436
450
437
451
438
452
439
453
440
454
441
455
442
456
443
457
444
458
445
459
446
460
447
461
448
462
449
463
464
451
465
452
466
453
467
454
468
455
469
456
470
457
471
458
472
459
473
460
474
461
475
462
476
463
477
464
478
479
466
480
467
481
468
482
469
483
470
484
471
485
472
486
473
487
474
488
475
489
476
490
477
491
478
492
479
493
494
481
495
482
496
483
497
484
498
485
499
486
500
487
501
488
502
489
503
490
504
491
505
492
506
493
507
494
508
509
496
510
497
511
498
512
499
513
500
514
501
515
502
516
503
517
504
518
505
519
506
520
507
521
508
522
509
523
524
511
525
512
526
513
527
514
528
515
529
516
530
517
531
518
532
519
533
520
534
521
535
522
536
523
537
524
538
539
526
540
527
541
528
542
529
543
530
544
531
545
532
546
533
547
534
548
535
549
536
550
537
551
538
552
539
553
554
541
555
542
556
543
557
544
558
545
559
546
560
547
561
548
562
549
563
550
564
551
565
552
566
553
567
554
568
569
556
570
557
571
558
572
559
573
560
574
561
575
562
576
563
577
564
578
565
579
566
580
567
581
568
582
569
583
584
571
585
572
586
573
587
574
588
575
589
576
590
577
591
578
592
579
593
580
594
581
595
582
596
583
597
584
598
599
586
600
587
601
588
602
589
603
590
604
591
605
592
606
593
607
594
608
595
609
596
610
597
611
598
612
599
613
614
601
615
602
616
603
617
604
618
605
619
606
620
607
621
608
622
609
623
610
624
611
625
612
626
613
627
614
628
629
616
630
617
631
618
632
619
633
620
634
621
635
622
636
623
637
624
638
625
639
626
640
627
641
628
642
629
643
644
631
645
632
646
633
647
634
648
635
649
636
650
637
651
638
652
639
653
640
654
641
655
642
656
643
657
644
658
659
646
660
647
661
648
662
649
663
650
664
651
665
652
666
653
667
654
668
655
669
656
670
657
671
658
672
659
673
674
661
675
662
676
663
677
664
678
665
679
666
680
667
681
668
682
669
683
670
684
671
685
672
686
673
687
674
688
689
676
690
677
691
678
692
679
693
680
694
681
695
682
696
683
697
684
698
685
699
686
700
687
701
688
702
689
703
704
691
705
692
706
693
707
694
708
695
709
696
710
697
711
698
712
699
713
700
714
701
715
702
716
703
717
704
718
719
706
720
707
721
708
722
709
723
710
724
711
725
712
726
713
727
714
728
715
729
716
730
717
731
718
732
719
733
734
721
735
722
736
723
737
724
738
725
739
726
740
727
741
728
742
729
743
730
744
731
745
732
746
733
747
734
748
749
736
750
737
751
738
752
739
753
740
754
741
755
742
756
743
757
744
758
745
759
746
760
747
761
748
762
749
763
764
751
765
752
766
753
767
754
768
755
769
756
770
757
771
758
772
759
773
760
774
761
775
762
776
763
777
764
778
779
766
780
767
781
768
782
769
783
770
784
771
785
772
786
773
787
774
788
775
789
776
790
777
791
778
792
779
793
794
781
795
782
796
783
797
784
798
785
799
786
800
787
801
788
802
789
803
790
804
791
805
792
806
793
807
794
808
809
796
810
797
811
798
812
799
813
800
814
801
815
802
816
803
817
804
818
805
819
806
820
807
821
808
822
809
823
824
811
825
812
826
813
827
814
828
815
829
816
830
817
831
818
832
819
833
820
834
821
835
822
836
823
837
824
838
839
826
840
827
841
828
842
829
843
830
844
831
845
832
846
833
847
834
848
835
849
836
850
837
851
838
852
839
853
854
841
855
842
856
843
857
844
858
845
859
846
860
847
861
848
862
849
863
850
864
851
865
852
866
853
867
854
868
869
856
870
857
871
858
872
859
873
860
874
861
875
862
876
863
877
864
878
865
879
866
880
867
881
868
882
869
883
884
871
885
872
886
873
887
874
888
875
889
876
890
877
891
878
892
879
893
880
894
881
895
882
896
883
897
884
898
899
886
900
887
901
888
902
889
903
890
904
891
905
892
906
893
907
894
908
895
909
896
910
897
911
898
912
899
913
914
901
915
902
916
903
917
904
918
905
919
906
920
907
921
908
922
909
923
910
924
911
925
912
926
913
927
914
928
929
916
930
917
931
918
932
919
933
920
934
921
935
922
936
923
937
924
938
925
939
926
940
927
941
928
942
929
943
944
931
945
932
946
933
947
934
948
935
949
936
950
937
951
938
952
939
953
940
954
941
955
942
956
943
957
944
958
959
946
960
947
961
948
962
949
963
950
964
951
965
952
966
953
967
954
968
955
969
956
970
957
971
958
972
959
973
974
961
975
962
976
963
977
964
978
965
979
966
980
967
981
968
982
969
983
970
984
971
985
972
986
973
987
974
988
989
976
990
977
991
978
992
979
993
980
994
981
995
982
996
983
997
984
998
985
999
986
1000
987
1001
988
1002
989
1003
1004
991
1005
992
1006
993
1007
994
1008
995
1009
996
1010
997
1011
998
1012
999
1013
1000
1014
1001
1015
1002
1016
1003
1017
1004
1018
1019
1006
1020
1007
1021
1008
1022
1009
1023
1010
1024
1011
1025
1012
1026
1013
1027
1014
1028
1015
1029
1016
1030
1017
1031
1018
1032
1019
1033
1034
1021
1035
1022
1036
1023
1037
1024
1038
1025
1039
1026
1040
1027
1041
1028
1042
1029
1043
1030
1044
1031
1045
1032
1046
1033
1047
1034
1048
1049
1036
1050
1037
1051
1038
1052
1039
1053
1040
1054
1041
1055
1042
1056
1043
1057
1044
1058
1045
1059
1046
1060
1047
1061
1048
1062
1049
1063
1064
1051
1065
1052
1066
1053
1067
1054
1068
1055
1069
1056
1070
1057
1071
1058
1072
1059
1073
1060
1074
1061
1075
1062
1076
1063
1077
1064
1078
1079
1066
1080
1067
1081
1068
1082
1069
1083
1070
1084
1071
1085
1072
1086
1073
1087
1074
1088
1075
1089
1076
1090
1077
1091
1078
1092
1079
1093
1094
1081
1095
1082
1096
1083
1097
1084
1098
1085
1099
1086
1100
1087
1101
1088
1102
1089
1103
1090
1104
1091
1105
1092
1106
1093
1107
1094
1108
1109
1096
1110
1097
1111
1098
1112
1099
1113
1100
1114
1101
1115
1102
1116
1103
1117
1104
1118
1105
1119
1106
1120
1107
1121
1108
1122
1109
1123
1124
1111
1125
1112
1126
1113
1127
1114
1128
1115
1129
1116
1130
1117
1131
1118
1132
1119
1133
1120
1134
1121
1135
1122
1136
1123
1137
1124
1138
1139
1126
1140
1127
1141
1128
1142
1129
1143
1130
1144
1131
1145
1132
1146
1133
1147
1134
1148
1135
1149
1136
1150
1137
1151
1138
1152
1139
1153
1154
1141
1155
1142
1156
1143
1157
1144
1158
1145
1159
1146
1160
1147
1161
1148
1162
1149
1163
1150
1164
1151
1165
1152
1166
1153
1167
1154
1168
1169
1156
1170
1157
1171
1158
1172
1159
1173
1160
1174
1161
1175
1162
1176
1163
1177
1164
1178
1165
1179
1166
1180
1167
1181
1168
1182
1169
1183
1184
1171
1185
1172
1186
1173
1187
1174
1188
1175
1189
1176
1190
1177
1191
1178
1192
1179
1193
1180
1194
1181
1195
1182
1196
1183
1197
1184
1198
1199
1186
1200
1187
1201
1188
1202
1189
1203
1190
1204
1191
1205
1192
1206
1193
1207
1194
1208
1195
1209
1196
1210
1197
1211
1198
1212
1199
1213
1214
1201
1215
1202
1216
1203
1217
1204
1218
1205
1219
1206
1220
1207
1221
1208
1222
1209
1223
1210
1224
1211
1225
1212
1226
1213
1227
1214
1228
1229
1216
1230
1217
1231
1218
1232
1219
1233
1220
1234
1221
1235
1222
1236
1223
1237
1224
1238
1225
1239
1226
1240
1227
1241
1228
1242
1229
1243
1244
1231
1245
1232
1246
1233
1247
1234
1248
1235
1249
1236
1250
1237
1251
1238
1252
1239
1253
1240
1254
1241
1255
1242
1256
1243
1257
1244
1258
1259
1246
1260
1247
1261
1248
1262
1249
1263
1250
1264
1251
1265
1252
1266
1253
1267
1254
1268
1255
1269
1256
1270
1257
1271
1258
1272
1259
1273
1274
1261
1275
1262
1276
1263
1277
1264
1278
1265
1279
1266
1280
1267
1281
1268
1282
1269
1283
1270
1284
1271
1285
1272
1286
1273
1287
1274
1288
1289
1276
1290
1277
1291
1278
1292
1279
1293
1280
1294
1281
1295
1282
1296
1283
1297
1284
1298
1285
1299
1286
1300
1287
1301
1288
1302
1289
1303
1304
1291
1305
1292
1306
1293
1307
1294
1308
1295
1309
1296
1310
1297
1311
1298
1312
1299
1313
1300
1314
1301
1315
1302
1316
1303
1317
1304
1318
1319
1306
1320
1307
1321
1308
1322
1309
1323
1310
1324
1311
1325
1312
1326
1313
1327
1314
1328
1315
1329
1316
1330
1317
1331
1318
1332
1319
1333
1334
1321
1335
1322
1336
1323
1337
1324
1338
1325
1339
1326
1340
1327
1341
1328
1342
1329
1343
1330
1344
1331
1345
1332
1346
1333
1347
1334
1348
1349
1336
1350
1337
1351
1338
1352
1339
1353
1340
1354
1341
1355
1342
1356
1343
1357
1344
1358
1345
1359
1346
1360
1347
1361
1348
1362
1349
1363
1364
1351
1365
1352
1366
1353
1367
1354
1368
1355
1369
1356
1370
1357
1371
1358
1372
1359
1373
1360
1374
1361
1375
1362
1376
1363
1377
1364
1378
1379
1366
1380
1367
1381
1368
1382
1369
1383
1370
1384
1371
1385
1372
1386
1373
1387
1374
1388
1375
1389
1376
1390
1377
1391
1378
1392
1379
1393
1394
1381
1395
1382
1396
1383
1397
1384
1398
1385
1399
1386
1400
1387
1401
1388
1402
1389
1403
1390
1404
1391
1405
1392
1406
1393
1407
1394
1408
1409
1396
1410
1397
1411
1398
1412
1399
1413
1400
1414
1401
1415
1402
1416
1403
1417
1404
1418
1405
1419
1406
1420
1407
1421
1408
1422
1409
1423
1424
1411
1425
1412
1426
1413
1427
1414
1428
1415
1429
1416
1430
1417
1431
1418
1432
1419
1433
1420
1434
1421
1435
1422
1436
1423
1437
1424
1438
1439
1426
1440
1427
1441
1428
1442
1429
1443
1430
1444
1431
1445
1432
1446
1433
1447
1434
1448
1435
1449
1436
1450
1437
1451
1438
1452
1439
1453
1454
1441
1455
1442
1456
1443
1457
1444
1458
1445
1459
1446
1460
1447
1461
1448
1462
1449
1463
1450
1464
1451
1465
1452
1466
1453
1467
1454
1468
1469
1456
1470
1457
1471
1458
1472
1459
1473
1460
1474
1461
1475
1462
1476
1463
1477
1464
1478
1465
1479
1466
1480
1467
1481
1468
1482
1469
1483
1484
1471
1485
1472
1486
1473
1487
1474
1488
1475
1489
1476
1490
1477
1491
1478
1492
1479
1493
1480
1494
1481
1495
1482
1496
1483
1497
1484
1498
1499
1486
1500
1487
1501
1488
1502
1489
1503
1490
1504
1491
1505
1492
1506
1493
1507
1494
1508
1495
1509
1496
1510
1497
1511
1498
1512
1499
1513
1514
1501
1525
1502
1526
1503
1527
1504
1528
1505
1529
1506
1530
1507
1531
1508
1532
1509
1533
1510
1534
1511
1535
1512
1536
1513
1537
1514
1538
1515
1539
1516
1540
1517
1541
1518
1542
1519
1543
1520
1544
1521
1545
1522
1546
1523
1547
1524
1548
1549
1526
1550
1527
1551
1528
1552
1529
1553
1530
1554
1531
1555
1532
1556
1533
1557
1534
1558
1535
1559
1536
1560
1537
1561
1538
1562
1539
1563
1540
1564
1541
1565
1542
1566
1543
1567
1544
1568
1545
1569
1546
1570
1547
1571
1548
1572
1549
1573
1574
1551
1575
1552
1576
1553
1577
1554
1578
1555
1579
1556
1580
1557
1581
1558
1582
1559
1583
1560
1584
1561
1585
1562
1586
1563
1587
1564
1588
1565
1589
1566
1590
1567
1591
1568
1592
1569
1593
1570
1594
1571
1595
1572
1596
1573
1597
1574
1598
1599
1576
1600
1577
1601
1578
1602
1579
1603
1580
1604
1581
1605
1582
1606
1583
1607
1584
1608
1585
1609
1586
1610
1587
1611
1588
1612
1589
1613
1590
1614
1591
1615
1592
1616
1593
1617
1594
1618
1595
1619
1596
1620
1597
1621
1598
1622
1599
1623
1624
1601
1625
1602
1626
1603
1627
1604
1628
1605
1629
1606
1630
1607
1631
1608
1632
1609
1633
1610
1634
1611
1635
1612
1636
1613
1637
1614
1638
1615
1639
1616
1640
1617
1641
1618
1642
1619
1643
1620
1644
1621
1645
1622
1646
1623
1647
1624
1648
1649
1626
1650
1627
1651
1628
1652
1629
1653
1630
1654
1631
1655
1632
1656
1633
1657
1634
1658
1635
1659
1636
1660
1637
1661
1638
1662
1639
1663
1640
1664
1641
1665
1642
1666
1643
1667
1644
1668
1645
1669
1646
1670
1647
1671
1648
1672
1649
1673
1674
1651
1675
1652
1676
1653
1677
1654
1678
1655
1679
1656
1680
1657
1681
1658
1682
1659
1683
1660
1684
1661
1685
1662
1686
1663
1687
1664
1688
1665
1689
1666
1690
1667
1691
1668
1692
1669
1693
1670
1694
1671
1695
1672
1696
1673
1697
1674
1698
1699
1676
1700
1677
1701
1678
1702
1679
1703
1680
1704
1681
1705
1682
1706
1683
1707
1684
1708
1685
1709
1686
1710
1687
1711
1688
1712
1689
1713
1690
1714
1691
1715
1692
1716
1693
1717
1694
1718
1695
1719
1696
1720
1697
1721
1698
1722
1699
1723
1724
1701
1725
1702
1726
1703
1727
1704
1728
1705
1729
1706
1730
1707
1731
1708
1732
1709
1733
1710
1734
1711
1735
1712
1736
1713
1737
1714
1738
1715
1739
1716
1740
1717
1741
1718
1742
1719
1743
1720
1744
1721
1745
1722
1746
1723
1747
1724
1748
1749
1726
1750
1727
1751
1728
1752
1729
1753
1730
1754
1731
1755
1732
1756
1733
1757
1734
1758
1735
1759
1736
1760
1737
1761
1738
1762
1739
1763
1740
1764
1741
1765
1742
1766
1743
1767
1744
1768
1745
1769
1746
1770
1747
1771
1748
1772
1749
1773
1774
1751
1775
1752
1776
1753
1777
1754
1778
1755
1779
1756
1780
1757
1781
1758
1782
1759
1783
1760
1784
1761
1785
1762
1786
1763
1787
1764
1788
1765
1789
1766
1790
1767
1791
1768
1792
1769
1793
1770
1794
1771
1795
1772
1796
1773
1797
1774
1798
1799
1776
1800
1777
1801
1778
1802
1779
1803
1780
1804
1781
1805
1782
1806
1783
1807
1784
1808
1785
1809
1786
1810
1787
1811
1788
1812
1789
1813
1790
1814
1791
1815
1792
1816
1793
1817
1794
1818
1795
1819
1796
1820
1797
1821
1798
1822
1799
1823
1824
1801
1825
1802
1826
1803
1827
1804
1828
1805
1829
1806
1830
1807
1831
1808
1832
1809
1833
1810
1834
1811
1835
1812
1836
1813
1837
1814
1838
1815
1839
1816
1840
1817
1841
1818
1842
1819
1843
1820
1844
1821
1845
1822
1846
1823
1847
1824
1848
1849
1826
1850
1827
1851
1828
1852
1829
1853
1830
1854
1831
1855
1832
1856
1833
1857
1834
1858
1835
1859
1836
1860
1837
1861
1838
1862
1839
1863
1840
1864
1841
1865
1842
1866
1843
1867
1844
1868
1845
1869
1846
1870
1847
1871
1848
1872
1849
1873
1874
1851
1875
1852
1876
1853
1877
1854
1878
1855
1879
1856
1880
1857
1881
1858
1882
1859
1883
1860
1884
1861
1885
1862
1886
1863
1887
1864
1888
1865
1889
1866
1890
1867
1891
1868
1892
1869
1893
1870
1894
1871
1895
1872
1896
1873
1897
1874
1898
1899
1876
1900
1877
1901
1878
1902
1879
1903
1880
1904
1881
1905
1882
1906
1883
1907
1884
1908
1885
1909
1886
1910
1887
1911
1888
1912
1889
1913
1890
1914
1891
1915
1892
1916
1893
1917
1894
1918
1895
1919
1896
1920
1897
1921
1898
1922
1899
1923
1924
1901
1925
1902
1926
1903
1927
1904
1928
1905
1929
1906
1930
1907
1931
1908
1932
1909
1933
1910
1934
1911
1935
1912
1936
1913
1937
1914
1938
1915
1939
1916
1940
1917
1941
1918
1942
1919
1943
1920
1944
1921
1945
1922
1946
1923
1947
1924
1948
1949
1926
1950
1927
1951
1928
1952
1929
1953
1930
1954
1931
1955
1932
1956
1933
1957
1934
1958
1935
1959
1936
1960
1937
1961
1938
1962
1939
1963
1940
1964
1941
1965
1942
1966
1943
1967
1944
1968
1945
1969
1946
1970
1947
1971
1948
1972
1949
1973
1974
1951
1975
1952
1976
1953
1977
1954
1978
1955
1979
1956
1980
1957
1981
1958
1982
1959
1983
1960
1984
1961
1985
1962
1986
1963
1987
1964
1988
1965
1989
1966
1990
1967
1991
1968
1992
1969
1993
1970
1994
1971
1995
1972
1996
1973
1997
1974
1998
1999
1976
2000
1977
2001
1978
2002
1979
2003
1980
2004
1981
2005
1982
2006
1983
2007
1984
2008
1985
2009
1986
2010
1987
2011
1988
2012
1989
2013
1990
2014
1991
2015
1992
2016
1993
2017
1994
2018
1995
2019
1996
2020
1997
2021
1998
2022
1999
2023
2024
2001
2025
2002
2026
2003
2027
2004
2028
2005
2029
2006
2030
2007
2031
2008
2032
2009
2033
2010
2034
2011
2035
2012
2036
2013
2037
2014
2038
2015
2039
2016
2040
2017
2041
2018
2042
2019
2043
2020
2044
2021
2045
2022
2046
2023
2047
2024
2048
2049
2026
2050
2027
2051
2028
2052
2029
2053
2030
2054
2031
2055
2032
2056
2033
2057
2034
2058
2035
2059
2036
2060
2037
2061
2038
2062
2039
2063
2040
2064
2041
2065
2042
2066
2043
2067
2044
2068
2045
2069
2046
2070
2047
2071
2048
2072
2049
2073
2074
2051
2075
2052
2076
2053
2077
2054
2078
2055
2079
2056
2080
2057
2081
2058
2082
2059
2083
2060
2084
2061
2085
2062
2086
2063
2087
2064
2088
2065
2089
2066
2090
2067
2091
2068
2092
2069
2093
2070
2094
2071
2095
2072
2096
2073
2097
2074
2098
2099
2076
2100
2077
2101
2078
2102
2079
2103
2080
2104
2081
2105
2082
2106
2083
2107
2084
2108
2085
2109
2086
2110
2087
2111
2088
2112
2089
2113
2090
2114
2091
2115
2092
2116
2093
2117
2094
2118
2095
2119
2096
2120
2097
2121
2098
2122
2099
2123
2124
2101
2125
2102
2126
2103
2127
2104
2128
2105
2129
2106
2130
2107
2131
2108
2132
2109
2133
2110
2134
2111
2135
2112
2136
2113
2137
2114
2138
2115
2139
2116
2140
2117
2141
2118
2142
2119
2143
2120
2144
2121
2145
2122
2146
2123
2147
2124
2148
2149
2126
2150
2127
2151
2128
2152
2129
2153
2130
2154
2131
2155
2132
2156
2133
2157
2134
2158
2135
2159
2136
2160
2137
2161
2138
2162
2139
2163
2140
2164
2141
2165
2142
2166
2143
2167
2144
2168
2145
2169
2146
2170
2147
2171
2148
2172
2149
2173
2174
2151
2175
2152
2176
2153
2177
2154
2178
2155
2179
2156
2180
2157
2181
2158
2182
2159
2183
2160
2184
2161
2185
2162
2186
2163
2187
2164
2188
2165
2189
2166
2190
2167
2191
2168
2192
2169
2193
2170
2194
2171
2195
2172
2196
2173
2197
2174
2198
2199
2176
2200
2177
2201
2178
2202
2179
2203
2180
2204
2181
2205
2182
2206
2183
2207
2184
2208
2185
2209
2186
2210
2187
2211
2188
2212
2189
2213
2190
2214
2191
2215
2192
2216
2193
2217
2194
2218
2195
2219
2196
2220
2197
2221
2198
2222
2199
2223
2224
2201
2225
2202
2226
2203
2227
2204
2228
2205
2229
2206
2230
2207
2231
2208
2232
2209
2233
2210
2234
2211
2235
2212
2236
2213
2237
2214
2238
2215
2239
2216
2240
2217
2241
2218
2242
2219
2243
2220
2244
2221
2245
2222
2246
2223
2247
2224
2248
2249
2226
2250
2227
2251
2228
2252
2229
2253
2230
2254
2231
2255
2232
2256
2233
2257
2234
2258
2235
2259
2236
2260
2237
2261
2238
2262
2239
2263
2240
2264
2241
2265
2242
2266
2243
2267
2244
2268
2245
2269
2246
2270
2247
2271
2248
2272
2249
2273
2274
2251
2275
2252
2276
2253
2277
2254
2278
2255
2279
2256
2280
2257
2281
2258
2282
2259
2283
2260
2284
2261
2285
2262
2286
2263
2287
2264
2288
2265
2289
2266
2290
2267
2291
2268
2292
2269
2293
2270
2294
2271
2295
2272
2296
2273
2297
2274
2298
2299
2276
2300
2277
2301
2278
2302
2279
2303
2280
2304
2281
2305
2282
2306
2283
2307
2284
2308
2285
2309
2286
2310
2287
2311
2288
2312
2289
2313
2290
2314
2291
2315
2292
2316
2293
2317
2294
2318
2295
2319
2296
2320
2297
2321
2298
2322
2299
2323
2324
2301
2325
2302
2326
2303
2327
2304
2328
2305
2329
2306
2330
2307
2331
2308
2332
2309
2333
2310
2334
2311
2335
2312
2336
2313
2337
2314
2338
2315
2339
2316
2340
2317
2341
2318
2342
2319
2343
2320
2344
2321
2345
2322
2346
2323
2347
2324
2348
2349
2326
2350
2327
2351
2328
2352
2329
2353
2330
2354
2331
2355
2332
2356
2333
2357
2334
2358
2335
2359
2336
2360
2337
2361
2338
2362
2339
2363
2340
2364
2341
2365
2342
2366
2343
2367
2344
2368
2345
2369
2346
2370
2347
2371
2348
2372
2349
2373
2374
2351
2375
2352
2376
2353
2377
2354
2378
2355
2379
2356
2380
2357
2381
2358
2382
2359
2383
2360
2384
2361
2385
2362
2386
2363
2387
2364
2388
2365
2389
2366
2390
2367
2391
2368
2392
2369
2393
2370
2394
2371
2395
2372
2396
2373
2397
2374
2398
2399
2376
2400
2377
2401
2378
2402
2379
2403
2380
2404
2381
2405
2382
2406
2383
2407
2384
2408
2385
2409
2386
2410
2387
2411
2388
2412
2389
2413
2390
2414
2391
2415
2392
2416
2393
2417
2394
2418
2395
2419
2396
2420
2397
2421
2398
2422
2399
2423
2424
2401
2425
2402
2426
2403
2427
2404
2428
2405
2429
2406
2430
2407
2431
2408
2432
2409
2433
2410
2434
2411
2435
2412
2436
2413
2437
2414
2438
2415
2439
2416
2440
2417
2441
2418
2442
2419
2443
2420
2444
2421
2445
2422
2446
2423
2447
2424
2448
2449
2426
2450
2427
2451
2428
2452
2429
2453
2430
2454
2431
2455
2432
2456
2433
2457
2434
2458
2435
2459
2436
2460
2437
2461
2438
2462
2439
2463
2440
2464
2441
2465
2442
2466
2443
2467
2444
2468
2445
2469
2446
2470
2447
2471
2448
2472
2449
2473
2474
2451
2475
2452
2476
2453
2477
2454
2478
2455
2479
2456
2480
2457
2481
2458
2482
2459
2483
2460
2484
2461
2485
2462
2486
2463
2487
2464
2488
2465
2489
2466
2490
2467
2491
2468
2492
2469
2493
2470
2494
2471
2495
2472
2496
2473
2497
2474
2498
2499
2476
2500
2477
2501
2478
2502
2479
2503
2480
2504
2481
2505
2482
2506
2483
2507
2484
2508
2485
2509
2486
2510
2487
2511
2488
2512
2489
2513
2490
2514
2491
2515
2492
2516
2493
2517
2494
2518
2495
2519
2496
2520
2497
2521
2498
2522
2499
2523
2524
2501
2525
2502
2526
2503
2527
2504
2528
2505
2529
2506
2530
2507
2531
2508
2532
2509
2533
2510
2534
2511
2535
2512
2536
2513
2537
2514
2538
2515
2539
2516
2540
2517
2541
2518
2542
2519
2543
2520
2544
2521
2545
2522
2546
2523
2547
2524
2548
2549
2526
2550
2527
2551
2528
2552
2529
2553
2530
2554
2531
2555
2532
2556
2533
2557
2534
2558
2535
2559
2536
2560
2537
2561
2538
2562
2539
2563
2540
2564
2541
2565
2542
2566
2543
2567
2544
2568
2545
2569
2546
2570
2547
2571
2548
2572
2549
2573
2574
2551
2575
2552
2576
2553
2577
2554
2578
2555
2579
2556
2580
2557
2581
2558
2582
2559
2583
2560
2584
2561
2585
2562
2586
2563
2587
2564
2588
2565
2589
2566
2590
2567
2591
2568
2592
2569
2593
2570
2594
2571
2595
2572
2596
2573
2597
2574
2598
2599
2576
2600
2577
2601
2578
2602
2579
2603
2580
2604
2581
2605
2582
2606
2583
2607
2584
2608
2585
2609
2586
2610
2587
2611
2588
2612
2589
2613
2590
2614
2591
2615
2592
2616
2593
2617
2594
2618
2595
2619
2596
2620
2597
2621
2598
2622
2599
2623
2624
2601
2625
2602
2626
2603
2627
2604
2628
2605
2629
2606
2630
2607
2631
2608
2632
2609
2633
2610
2634
2611
2635
2612
2636
2613
2637
2614
2638
2615
2639
2616
2640
2617
2641
2618
2642
2619
2643
2620
2644
2621
2645
2622
2646
2623
2647
2624
2648
2649
2626
2650
2627
2651
2628
2652
2629
2653
2630
2654
2631
2655
2632
2656
2633
2657
2634
2658
2635
2659
2636
2660
2637
2661
2638
2662
2639
2663
2640
2664
2641
2665
2642
2666
2643
2667
2644
2668
2645
2669
2646
2670
2647
2671
2648
2672
2649
2673
2674
2651
2675
2652
2676
2653
2677
2654
2678
2655
2679
2656
2680
2657
2681
2658
2682
2659
2683
2660
2684
2661
2685
2662
2686
2663
2687
2664
2688
2665
2689
2666
2690
2667
2691
2668
2692
2669
2693
2670
2694
2671
2695
2672
2696
2673
2697
2674
2698
2699
2676
2700
2677
2701
2678
2702
2679
2703
2680
2704
2681
2705
2682
2706
2683
2707
2684
2708
2685
2709
2686
2710
2687
2711
2688
2712
2689
2713
2690
2714
2691
2715
2692
2716
2693
2717
2694
2718
2695
2719
2696
2720
2697
2721
2698
2722
2699
2723
2724
2701
2725
2702
2726
2703
2727
2704
2728
2705
2729
2706
2730
2707
2731
2708
2732
2709
2733
2710
2734
2711
2735
2712
2736
2713
2737
2714
2738
2715
2739
2716
2740
2717
2741
2718
2742
2719
2743
2720
2744
2721
2745
2722
2746
2723
2747
2724
2748
2749
2726
2750
2727
2751
2728
2752
2729
2753
2730
2754
2731
2755
2732
2756
2733
2757
2734
2758
2735
2759
2736
2760
2737
2761
2738
2762
2739
2763
2740
2764
2741
2765
2742
2766
2743
2767
2744
2768
2745
2769
2746
2770
2747
2771
2748
2772
2749
2773
2774
2751
2775
2752
2776
2753
2777
2754
2778
2755
2779
2756
2780
2757
2781
2758
2782
2759
2783
2760
2784
2761
2785
2762
2786
2763
2787
2764
2788
2765
2789
2766
2790
2767
2791
2768
2792
2769
2793
2770
2794
2771
2795
2772
2796
2773
2797
2774
2798
2799
2776
2800
2777
2801
2778
2802
2779
2803
2780
2804
2781
2805
2782
2806
2783
2807
2784
2808
2785
2809
2786
2810
2787
2811
2788
2812
2789
2813
2790
2814
2791
2815
2792
2816
2793
2817
2794
2818
2795
2819
2796
2820
2797
2821
2798
2822
2799
2823
2824
2801
2825
2802
2826
2803
2827
2804
2828
2805
2829
2806
2830
2807
2831
2808
2832
2809
2833
2810
2834
2811
2835
2812
2836
2813
2837
2814
2838
2815
2839
2816
2840
2817
2841
2818
2842
2819
2843
2820
2844
2821
2845
2822
2846
2823
2847
2824
2848
2849
2826
2850
2827
2851
2828
2852
2829
2853
2830
2854
2831
2855
2832
2856
2833
2857
2834
2858
2835
2859
2836
2860
2837
2861
2838
2862
2839
2863
2840
2864
2841
2865
2842
2866
2843
2867
2844
2868
2845
2869
2846
2870
2847
2871
2848
2872
2849
2873
2874
2851
2875
2852
2876
2853
2877
2854
2878
2855
2879
2856
2880
2857
2881
2858
2882
2859
2883
2860
2884
2861
2885
2862
2886
2863
2887
2864
2888
2865
2889
2866
2890
2867
2891
2868
2892
2869
2893
2870
2894
2871
2895
2872
2896
2873
2897
2874
2898
2899
2876
2900
2877
2901
2878
2902
2879
2903
2880
2904
2881
2905
2882
2906
2883
2907
2884
2908
2885
2909
2886
2910
2887
2911
2888
2912
2889
2913
2890
2914
2891
2915
2892
2916
2893
2917
2894
2918
2895
2919
2896
2920
2897
2921
2898
2922
2899
2923
2924
2901
2925
2902
2926
2903
2927
2904
2928
2905
2929
2906
2930
2907
2931
2908
2932
2909
2933
2910
2934
2911
2935
2912
2936
2913
2937
2914
2938
2915
2939
2916
2940
2917
2941
2918
2942
2919
2943
2920
2944
2921
2945
2922
2946
2923
2947
2924
2948
2949
2926
2950
2927
2951
2928
2952
2929
2953
2930
2954
2931
2955
2932
2956
2933
2957
2934
2958
2935
2959
2936
2960
2937
2961
2938
2962
2939
2963
2940
2964
2941
2965
2942
2966
2943
2967
2944
2968
2945
2969
2946
2970
2947
2971
2948
2972
2949
2973
2974
2951
2975
2952
2976
2953
2977
2954
2978
2955
2979
2956
2980
2957
2981
2958
2982
2959
2983
2960
2984
2961
2985
2962
2986
2963
2987
2964
2988
2965
2989
2966
2990
2967
2991
2968
2992
2969
2993
2970
2994
2971
2995
2972
2996
2973
2997
2974
2998
2999
2976
3000
2977
3001
2978
3002
2979
3003
2980
3004
2981
3005
2982
3006
2983
3007
2984
3008
2985
3009
2986
3010
2987
3011
2988
3012
2989
3013
2990
3014
2991
3015
2992
3016
2993
3017
2994
3018
2995
3019
2996
3020
2997
3021
2998
3022
2999
3023
3024
3001
3025
3002
3026
3003
3027
3004
3028
3005
3029
3006
3030
3007
3031
3008
3032
3009
3033
3010
3034
3011
3035
3012
3036
3013
3037
3014
3038
3015
3039
3016
3040
3017
3041
3018
3042
3019
3043
3020
3044
3021
3045
3022
3046
3023
3047
3024
3048
3049
3026
3050
3027
3051
3028
3052
3029
3053
3030
3054
3031
3055
3032
3056
3033
3057
3034
3058
3035
3059
3036
3060
3037
3061
3038
3062
3039
3063
3040
3064
3041
3065
3042
3066
3043
3067
3044
3068
3045
3069
3046
3070
3047
3071
3048
3072
3049
3073
3074
3051
3075
3052
3076
3053
3077
3054
3078
3055
3079
3056
3080
3057
3081
3058
3082
3059
3083
3060
3084
3061
3085
3062
3086
3063
3087
3064
3088
3065
3089
3066
3090
3067
3091
3068
3092
3069
3093
3070
3094
3071
3095
3072
3096
3073
3097
3074
3098
3099
3076
3100
3077
3101
3078
3102
3079
3103
3080
3104
3081
3105
3082
3106
3083
3107
3084
3108
3085
3109
3086
3110
3087
3111
3088
3112
3089
3113
3090
3114
3091
3115
3092
3116
3093
3117
3094
3118
3095
3119
3096
3120
3097
3121
3098
3122
3099
3123
3124
3101
3125
3102
3126
3103
3127
3104
3128
3105
3129
3106
3130
3107
3131
3108
3132
3109
3133
3110
3134
3111
3135
3112
3136
3113
3137
3114
3138
3115
3139
3116
3140
3117
3141
3118
3142
3119
3143
3120
3144
3121
3145
3122
3146
3123
3147
3124
3148
3149
3126
3150
3127
3151
3128
3152
3129
3153
3130
3154
3131
3155
3132
3156
3133
3157
3134
3158
3135
3159
3136
3160
3137
3161
3138
3162
3139
3163
3140
3164
3141
3165
3142
3166
3143
3167
3144
3168
3145
3169
3146
3170
3147
3171
3148
3172
3149
3173
3174
3151
3175
3152
3176
3153
3177
3154
3178
3155
3179
3156
3180
3157
3181
3158
3182
3159
3183
3160
3184
3161
3185
3162
3186
3163
3187
3164
3188
3165
3189
3166
3190
3167
3191
3168
3192
3169
3193
3170
3194
3171
3195
3172
3196
3173
3197
3174
3198
3199
3176
3200
3177
3201
3178
3202
3179
3203
3180
3204
3181
3205
3182
3206
3183
3207
3184
3208
3185
3209
3186
3210
3187
3211
3188
3212
3189
3213
3190
3214
3191
3215
3192
3216
3193
3217
3194
3218
3195
3219
3196
3220
3197
3221
3198
3222
3199
3223
3224
3201
3225
3202
3226
3203
3227
3204
3228
3205
3229
3206
3230
3207
3231
3208
3232
3209
3233
3210
3234
3211
3235
3212
3236
3213
3237
3214
3238
3215
3239
3216
3240
3217
3241
3218
3242
3219
3243
3220
3244
3221
3245
3222
3246
3223
3247
3224
3248
3249
3226
3250
3227
3251
3228
3252
3229
3253
3230
3254
3231
3255
3232
3256
3233
3257
3234
3258
3235
3259
3236
3260
3237
3261
3238
3262
3239
3263
3240
3264
3241
3265
3242
3266
3243
3267
3244
3268
3245
3269
3246
3270
3247
3271
3248
3272
3249
3273
3274
3251
3275
3252
3276
3253
3277
3254
3278
3255
3279
3256
3280
3257
3281
3258
3282
3259
3283
3260
3284
3261
3285
3262
3286
3263
3287
3264
3288
3265
3289
3266
3290
3267
3291
3268
3292
3269
3293
3270
3294
3271
3295
3272
3296
3273
3297
3274
3298
3299
3276
3300
3277
3301
3278
3302
3279
3303
3280
3304
3281
3305
3282
3306
3283
3307
3284
3308
3285
3309
3286
3310
3287
3311
3288
3312
3289
3313
3290
3314
3291
3315
3292
3316
3293
3317
3294
3318
3295
3319
3296
3320
3297
3321
3298
3322
3299
3323
3324
3301
3325
3302
3326
3303
3327
3304
3328
3305
3329
3306
3330
3307
3331
3308
3332
3309
3333
3310
3334
3311
3335
3312
3336
3313
3337
3314
3338
3315
3339
3316
3340
3317
3341
3318
3342
3319
3343
3320
3344
3321
3345
3322
3346
3323
3347
3324
3348
3349
3326
3350
3327
3351
3328
3352
3329
3353
3330
3354
3331
3355
3332
3356
3333
3357
3334
3358
3335
3359
3336
3360
3337
3361
3338
3362
3339
3363
3340
3364
3341
3365
3342
3366
3343
3367
3344
3368
3345
3369
3346
3370
3347
3371
3348
3372
3349
3373
3374
3351
3375
3352
3376
3353
3377
3354
3378
3355
3379
3356
3380
3357
3381
3358
3382
3359
3383
3360
3384
3361
3385
3362
3386
3363
3387
3364
3388
3365
3389
3366
3390
3367
3391
3368
3392
3369
3393
3370
3394
3371
3395
3372
3396
3373
3397
3374
3398
3399
3376
3400
3377
3401
3378
3402
3379
3403
3380
3404
3381
3405
3382
3406
3383
3407
3384
3408
3385
3409
3386
3410
3387
3411
3388
3412
3389
3413
3390
3414
3391
3415
3392
3416
3393
3417
3394
3418
3395
3419
3396
3420
3397
3421
3398
3422
3399
3423
3424
3401
3425
3402
3426
3403
3427
3404
3428
3405
3429
3406
3430
3407
3431
3408
3432
3409
3433
3410
3434
3411
3435
3412
3436
3413
3437
3414
3438
3415
3439
3416
3440
3417
3441
3418
3442
3419
3443
3420
3444
3421
3445
3422
3446
3423
3447
3424
3448
3449
3426
3450
3427
3451
3428
3452
3429
3453
3430
3454
3431
3455
3432
3456
3433
3457
3434
3458
3435
3459
3436
3460
3437
3461
3438
3462
3439
3463
3440
3464
3441
3465
3442
3466
3443
3467
3444
3468
3445
3469
3446
3470
3447
3471
3448
3472
3449
3473
3474
3451
3475
3452
3476
3453
3477
3454
3478
3455
3479
3456
3480
3457
3481
3458
3482
3459
3483
3460
3484
3461
3485
3462
3486
3463
3487
3464
3488
3465
3489
3466
3490
3467
3491
3468
3492
3469
3493
3470
3494
3471
3495
3472
3496
3473
3497
3474
3498
3499
3476
3500
3477
3501
3478
3502
3479
3503
3480
3504
3481
3505
3482
3506
3483
3507
3484
3508
3485
3509
3486
3510
3487
3511
3488
3512
3489
3513
3490
3514
3491
3515
3492
3516
3493
3517
3494
3518
3495
3519
3496
3520
3497
3521
3498
3522
3499
3523
3524
3501
3525
3502
3526
3503
3527
3504
3528
3505
3529
3506
3530
3507
3531
3508
3532
3509
3533
3510
3534
3511
3535
3512
3536
3513
3537
3514
3538
3515
3539
3516
3540
3517
3541
3518
3542
3519
3543
3520
3544
3521
3545
3522
3546
3523
3547
3524
3548
3549
3526
3550
3527
3551
3528
3552
3529
3553
3530
3554
3531
3555
3532
3556
3533
3557
3534
3558
3535
3559
3536
3560
3537
3561
3538
3562
3539
3563
3540
3564
3541
3565
3542
3566
3543
3567
3544
3568
3545
3569
3546
3570
3547
3571
3548
3572
3549
3573
3574
3551
3575
3552
3576
3553
3577
3554
3578
3555
3579
3556
3580
3557
3581
3558
3582
3559
3583
3560
3584
3561
3585
3562
3586
3563
3587
3564
3588
3565
3589
3566
3590
3567
3591
3568
3592
3569
3593
3570
3594
3571
3595
3572
3596
3573
3597
3574
3598
3599
3576
3600
3577
3601
3578
3602
3579
3603
3580
3604
3581
3605
3582
3606
3583
3607
3584
3608
3585
3609
3586
3610
3587
3611
3588
3612
3589
3613
3590
3614
3591
3615
3592
3616
3593
3617
3594
3618
3595
3619
3596
3620
3597
3621
3598
3622
3599
3623
3624
3601
3625
3602
3626
3603
3627
3604
3628
3605
3629
3606
3630
3607
3631
3608
3632
3609
3633
3610
3634
3611
3635
3612
3636
3613
3637
3614
3638
3615
3639
3616
3640
3617
3641
3618
3642
3619
3643
3620
3644
3621
3645
3622
3646
3623
3647
3624
3648
3649
3626
3650
3627
3651
3628
3652
3629
3653
3630
3654
3631
3655
3632
3656
3633
3657
3634
3658
3635
3659
3636
3660
3637
3661
3638
3662
3639
3663
3640
3664
3641
3665
3642
3666
3643
3667
3644
3668
3645
3669
3646
3670
3647
3671
3648
3672
3649
3673
3674
3651
3675
3652
3676
3653
3677
3654
3678
3655
3679
3656
3680
3657
3681
3658
3682
3659
3683
3660
3684
3661
3685
3662
3686
3663
3687
3664
3688
3665
3689
3666
3690
3667
3691
3668
3692
3669
3693
3670
3694
3671
3695
3672
3696
3673
3697
3674
3698
3699
3676
3700
3677
3701
3678
3702
3679
3703
3680
3704
3681
3705
3682
3706
3683
3707
3684
3708
3685
3709
3686
3710
3687
3711
3688
3712
3689
3713
3690
3714
3691
3715
3692
3716
3693
3717
3694
3718
3695
3719
3696
3720
3697
3721
3698
3722
3699
3723
3724
3701
3725
3702
3726
3703
3727
3704
3728
3705
3729
3706
3730
3707
3731
3708
3732
3709
3733
3710
3734
3711
3735
3712
3736
3713
3737
3714
3738
3715
3739
3716
3740
3717
3741
3718
3742
3719
3743
3720
3744
3721
3745
3722
3746
3723
3747
3724
3748
3749
3726
3750
3727
3751
3728
3752
3729
3753
3730
3754
3731
3755
3732
3756
3733
3757
3734
3758
3735
3759
3736
3760
3737
3761
3738
3762
3739
3763
3740
3764
3741
3765
3742
3766
3743
3767
3744
3768
3745
3769
3746
3770
3747
3771
3748
3772
3749
3773
3774
3751
3775
3752
3776
3753
3777
3754
3778
3755
3779
3756
3780
3757
3781
3758
3782
3759
3783
3760
3784
3761
3785
3762
3786
3763
3787
3764
3788
3765
3789
3766
3790
3767
3791
3768
3792
3769
3793
3770
3794
3771
3795
3772
3796
3773
3797
3774
3798
3799
3776
3800
3777
3801
3778
3802
3779
3803
3780
3804
3781
3805
3782
3806
3783
3807
3784
3808
3785
3809
3786
3810
3787
3811
3788
3812
3789
3813
3790
3814
3791
3815
3792
3816
3793
3817
3794
3818
3795
3819
3796
3820
3797
3821
3798
3822
3799
3823
3824
3801
3825
3802
3826
3803
3827
3804
3828
3805
3829
3806
3830
3807
3831
3808
3832
3809
3833
3810
3834
3811
3835
3812
3836
3813
3837
3814
3838
3815
3839
3816
3840
3817
3841
3818
3842
3819
3843
3820
3844
3821
3845
3822
3846
3823
3847
3824
3848
3849
3826
3850
3827
3851
3828
3852
3829
3853
3830
3854
3831
3855
3832
3856
3833
3857
3834
3858
3835
3859
3836
3860
3837
3861
3838
3862
3839
3863
3840
3864
3841
3865
3842
3866
3843
3867
3844
3868
3845
3869
3846
3870
3847
3871
3848
3872
3849
3873
3874
3851
3875
3852
3876
3853
3877
3854
3878
3855
3879
3856
3880
3857
3881
3858
3882
3859
3883
3860
3884
3861
3885
3862
3886
3863
3887
3864
3888
3865
3889
3866
3890
3867
3891
3868
3892
3869
3893
3870
3894
3871
3895
3872
3896
3873
3897
3874
3898
3899
3876
3900
3877
3901
3878
3902
3879
3903
3880
3904
3881
3905
3882
3906
3883
3907
3884
3908
3885
3909
3886
3910
3887
3911
3888
3912
3889
3913
3890
3914
3891
3915
3892
3916
3893
3917
3894
3918
3895
3919
3896
3920
3897
3921
3898
3922
3899
3923
3924
3901
3925
3902
3926
3903
3927
3904
3928
3905
3929
3906
3930
3907
3931
3908
3932
3909
3933
3910
3934
3911
3935
3912
3936
3913
3937
3914
3938
3915
3939
3916
3940
3917
3941
3918
3942
3919
3943
3920
3944
3921
3945
3922
3946
3923
3947
3924
3948
3949
3926
3950
3927
3951
3928
3952
3929
3953
3930
3954
3931
3955
3932
3956
3933
3957
3934
3958
3935
3959
3936
3960
3937
3961
3938
3962
3939
3963
3940
3964
3941
3965
3942
3966
3943
3967
3944
3968
3945
3969
3946
3970
3947
3971
3948
3972
3949
3973
3974
3951
3975
3952
3976
3953
3977
3954
3978
3955
3979
3956
3980
3957
3981
3958
3982
3959
3983
3960
3984
3961
3985
3962
3986
3963
3987
3964
3988
3965
3989
3966
3990
3967
3991
3968
3992
3969
3993
3970
3994
3971
3995
3972
3996
3973
3997
3974
3998
3999
3976
4000
3977
4001
3978
4002
3979
4003
3980
4004
3981
4005
3982
4006
3983
4007
3984
4008
3985
4009
3986
4010
3987
4011
3988
4012
3989
4013
3990
4014
3991
3992
3993
3994
3995
3996
3997
3998
3999
4001
4015
4002
4016
4003
4017
4004
4018
4005
4019
4006
4020
4007
4021
4008
4022
4009
4023
4010
4024
4011
4025
4012
4026
4013
4027
4014
4028
4029
4016
4030
4017
4031
4018
4032
4019
4033
4020
4034
4021
4035
4022
4036
4023
4037
4024
4038
4025
4039
4026
4040
4027
4041
4028
4042
4029
4043
4044
4031
4045
4032
4046
4033
4047
4034
4048
4035
4049
4036
4050
4037
4051
4038
4052
4039
4053
4040
4054
4041
4055
4042
4056
4043
4057
4044
4058
4059
4046
4060
4047
4061
4048
4062
4049
4063
4050
4064
4051
4065
4052
4066
4053
4067
4054
4068
4055
4069
4056
4070
4057
4071
4058
4072
4059
4073
4074
4061
4075
4062
4076
4063
4077
4064
4078
4065
4079
4066
4080
4067
4081
4068
4082
4069
4083
4070
4084
4071
4085
4072
4086
4073
4087
4074
4088
4089
4076
4090
4077
4091
4078
4092
4079
4093
4080
4094
4081
4095
4082
4096
4083
4097
4084
4098
4085
4099
4086
4100
4087
4101
4088
4102
4089
4103
4104
4091
4105
4092
4106
4093
4107
4094
4108
4095
4109
4096
4110
4097
4111
4098
4112
4099
4113
4100
4114
4101
4115
4102
4116
4103
4117
4104
4118
4119
4106
4120
4107
4121
4108
4122
4109
4123
4110
4124
4111
4125
4112
4126
4113
4127
4114
4128
4115
4129
4116
4130
4117
4131
4118
4132
4119
4133
4134
4121
4135
4122
4136
4123
4137
4124
4138
4125
4139
4126
4140
4127
4141
4128
4142
4129
4143
4130
4144
4131
4145
4132
4146
4133
4147
4134
4148
4149
4136
4150
4137
4151
4138
4152
4139
4153
4140
4154
4141
4155
4142
4156
4143
4157
4144
4158
4145
4159
4146
4160
4147
4161
4148
4162
4149
4163
4164
4151
4165
4152
4166
4153
4167
4154
4168
4155
4169
4156
4170
4157
4171
4158
4172
4159
4173
4160
4174
4161
4175
4162
4176
4163
4177
4164
4178
4179
4166
4180
4167
4181
4168
4182
4169
4183
4170
4184
4171
4185
4172
4186
4173
4187
4174
4188
4175
4189
4176
4190
4177
4191
4178
4192
4179
4193
4194
4181
4195
4182
4196
4183
4197
4184
4198
4185
4199
4186
4200
4187
4201
4188
4202
4189
4203
4190
4204
4191
4205
4192
4206
4193
4207
4194
4208
4209
4196
4210
4197
4211
4198
4212
4199
4213
4200
4214
4201
4215
4202
4216
4203
4217
4204
4218
4205
4219
4206
4220
4207
4221
4208
4222
4209
4223
4224
4211
4225
4212
4226
4213
4227
4214
4228
4215
4229
4216
4230
4217
4231
4218
4232
4219
4233
4220
4234
4221
4235
4222
4236
4223
4237
4224
4238
4239
4226
4240
4227
4241
4228
4242
4229
4243
4230
4244
4231
4245
4232
4246
4233
4247
4234
4248
4235
4249
4236
4250
4237
4251
4238
4252
4239
4253
4254
4241
4255
4242
4256
4243
4257
4244
4258
4245
4259
4246
4260
4247
4261
4248
4262
4249
4263
4250
4264
4251
4265
4252
4266
4253
4267
4254
4268
4269
4256
4270
4257
4271
4258
4272
4259
4273
4260
4274
4261
4275
4262
4276
4263
4277
4264
4278
4265
4279
4266
4280
4267
4281
4268
4282
4269
4283
4284
4271
4285
4272
4286
4273
4287
4274
4288
4275
4289
4276
4290
4277
4291
4278
4292
4279
4293
4280
4294
4281
4295
4282
4296
4283
4297
4284
4298
4299
4286
4300
4287
4301
4288
4302
4289
4303
4290
4304
4291
4305
4292
4306
4293
4307
4294
4308
4295
4309
4296
4310
4297
4311
4298
4312
4299
4313
4314
4301
4315
4302
4316
4303
4317
4304
4318
4305
4319
4306
4320
4307
4321
4308
4322
4309
4323
4310
4324
4311
4325
4312
4326
4313
4327
4314
4328
4329
4316
4330
4317
4331
4318
4332
4319
4333
4320
4334
4321
4335
4322
4336
4323
4337
4324
4338
4325
4339
4326
4340
4327
4341
4328
4342
4329
4343
4344
4331
4345
4332
4346
4333
4347
4334
4348
4335
4349
4336
4350
4337
4351
4338
4352
4339
4353
4340
4354
4341
4355
4342
4356
4343
4357
4344
4358
4359
4346
4360
4347
4361
4348
4362
4349
4363
4350
4364
4351
4365
4352
4366
4353
4367
4354
4368
4355
4369
4356
4370
4357
4371
4358
4372
4359
4373
4374
4361
4375
4362
4376
4363
4377
4364
4378
4365
4379
4366
4380
4367
4381
4368
4382
4369
4383
4370
4384
4371
4385
4372
4386
4373
4387
4374
4388
4389
4376
4390
4377
4391
4378
4392
4379
4393
4380
4394
4381
4395
4382
4396
4383
4397
4384
4398
4385
4399
4386
4400
4387
4401
4388
4402
4389
4403
4404
4391
4405
4392
4406
4393
4407
4394
4408
4395
4409
4396
4410
4397
4411
4398
4412
4399
4413
4400
4414
4401
4415
4402
4416
4403
4417
4404
4418
4419
4406
4420
4407
4421
4408
4422
4409
4423
4410
4424
4411
4425
4412
4426
4413
4427
4414
4428
4415
4429
4416
4430
4417
4431
4418
4432
4419
4433
4434
4421
4435
4422
4436
4423
4437
4424
4438
4425
4439
4426
4440
4427
4441
4428
4442
4429
4443
4430
4444
4431
4445
4432
4446
4433
4447
4434
4448
4449
4436
4450
4437
4451
4438
4452
4439
4453
4440
4454
4441
4455
4442
4456
4443
4457
4444
4458
4445
4459
4446
4460
4447
4461
4448
4462
4449
4463
4464
4451
4465
4452
4466
4453
4467
4454
4468
4455
4469
4456
4470
4457
4471
4458
4472
4459
4473
4460
4474
4461
4475
4462
4476
4463
4477
4464
4478
4479
4466
4480
4467
4481
4468
4482
4469
4483
4470
4484
4471
4485
4472
4486
4473
4487
4474
4488
4475
4489
4476
4490
4477
4491
4478
4492
4479
4493
4494
4481
4495
4482
4496
4483
4497
4484
4498
4485
4499
4486
4500
4487
4501
4488
4502
4489
4503
4490
4504
4491
4505
4492
4506
4493
4507
4494
4508
4509
4496
4510
4497
4511
4498
4512
4499
4513
4500
4514
4501
4515
4502
4516
4503
4517
4504
4518
4505
4519
4506
4520
4507
4521
4508
4522
4509
4523
4524
4511
4525
4512
4526
4513
4527
4514
4528
4515
4529
4516
4530
4517
4531
4518
4532
4519
4533
4520
4534
4521
4535
4522
4536
4523
4537
4524
4538
4539
4526
4540
4527
4541
4528
4542
4529
4543
4530
4544
4531
4545
4532
4546
4533
4547
4534
4548
4535
4549
4536
4550
4537
4551
4538
4552
4539
4553
4554
4541
4555
4542
4556
4543
4557
4544
4558
4545
4559
4546
4560
4547
4561
4548
4562
4549
4563
4550
4564
4551
4565
4552
4566
4553
4567
4554
4568
4569
4556
4570
4557
4571
4558
4572
4559
4573
4560
4574
4561
4575
4562
4576
4563
4577
4564
4578
4565
4579
4566
4580
4567
4581
4568
4582
4569
4583
4584
4571
4585
4572
4586
4573
4587
4574
4588
4575
4589
4576
4590
4577
4591
4578
4592
4579
4593
4580
4594
4581
4595
4582
4596
4583
4597
4584
4598
4599
4586
4600
4587
4601
4588
4602
4589
4603
4590
4604
4591
4605
4592
4606
4593
4607
4594
4608
4595
4609
4596
4610
4597
4611
4598
4612
4599
4613
4614
4601
4615
4602
4616
4603
4617
4604
4618
4605
4619
4606
4620
4607
4621
4608
4622
4609
4623
4610
4624
4611
4625
4612
4626
4613
4627
4614
4628
4629
4616
4630
4617
4631
4618
4632
4619
4633
4620
4634
4621
4635
4622
4636
4623
4637
4624
4638
4625
4639
4626
4640
4627
4641
4628
4642
4629
4643
4644
4631
4645
4632
4646
4633
4647
4634
4648
4635
4649
4636
4650
4637
4651
4638
4652
4639
4653
4640
4654
4641
4655
4642
4656
4643
4657
4644
4658
4659
4646
4660
4647
4661
4648
4662
4649
4663
4650
4664
4651
4665
4652
4666
4653
4667
4654
4668
4655
4669
4656
4670
4657
4671
4658
4672
4659
4673
4674
4661
4675
4662
4676
4663
4677
4664
4678
4665
4679
4666
4680
4667
4681
4668
4682
4669
4683
4670
4684
4671
4685
4672
4686
4673
4687
4674
4688
4689
4676
4690
4677
4691
4678
4692
4679
4693
4680
4694
4681
4695
4682
4696
4683
4697
4684
4698
4685
4699
4686
4700
4687
4701
4688
4702
4689
4703
4704
4691
4705
4692
4706
4693
4707
4694
4708
4695
4709
4696
4710
4697
4711
4698
4712
4699
4713
4700
4714
4701
4715
4702
4716
4703
4717
4704
4718
4719
4706
4720
4707
4721
4708
4722
4709
4723
4710
4724
4711
4725
4712
4726
4713
4727
4714
4728
4715
4729
4716
4730
4717
4731
4718
4732
4719
4733
4734
4721
4735
4722
4736
4723
4737
4724
4738
4725
4739
4726
4740
4727
4741
4728
4742
4729
4743
4730
4744
4731
4745
4732
4746
4733
4747
4734
4748
4749
4736
4750
4737
4751
4738
4752
4739
4753
4740
4754
4741
4755
4742
4756
4743
4757
4744
4758
4745
4759
4746
4760
4747
4761
4748
4762
4749
4763
4764
4751
4765
4752
4766
4753
4767
4754
4768
4755
4769
4756
4770
4757
4771
4758
4772
4759
4773
4760
4774
4761
4775
4762
4776
4763
4777
4764
4778
4779
4766
4780
4767
4781
4768
4782
4769
4783
4770
4784
4771
4785
4772
4786
4773
4787
4774
4788
4775
4789
4776
4790
4777
4791
4778
4792
4779
4793
4794
4781
4795
4782
4796
4783
4797
4784
4798
4785
4799
4786
4800
4787
4801
4788
4802
4789
4803
4790
4804
4791
4805
4792
4806
4793
4807
4794
4808
4809
4796
4810
4797
4811
4798
4812
4799
4813
4800
4814
4801
4815
4802
4816
4803
4817
4804
4818
4805
4819
4806
4820
4807
4821
4808
4822
4809
4823
4824
4811
4825
4812
4826
4813
4827
4814
4828
4815
4829
4816
4830
4817
4831
4818
4832
4819
4833
4820
4834
4821
4835
4822
4836
4823
4837
4824
4838
4839
4826
4840
4827
4841
4828
4842
4829
4843
4830
4844
4831
4845
4832
4846
4833
4847
4834
4848
4835
4849
4836
4850
4837
4851
4838
4852
4839
4853
4854
4841
4855
4842
4856
4843
4857
4844
4858
4845
4859
4846
4860
4847
4861
4848
4862
4849
4863
4850
4864
4851
4865
4852
4866
4853
4867
4854
4868
4869
4856
4870
4857
4871
4858
4872
4859
4873
4860
4874
4861
4875
4862
4876
4863
4877
4864
4878
4865
4879
4866
4880
4867
4881
4868
4882
4869
4883
4884
4871
4885
4872
4886
4873
4887
4874
4888
4875
4889
4876
4890
4877
4891
4878
4892
4879
4893
4880
4894
4881
4895
4882
4896
4883
4897
4884
4898
4899
4886
4900
4887
4901
4888
4902
4889
4903
4890
4904
4891
4905
4892
4906
4893
4907
4894
4908
4895
4909
4896
4910
4897
4911
4898
4912
4899
4913
4914
4901
4915
4902
4916
4903
4917
4904
4918
4905
4919
4906
4920
4907
4921
4908
4922
4909
4923
4910
4924
4911
4925
4912
4926
4913
4927
4914
4928
4929
4916
4930
4917
4931
4918
4932
4919
4933
4920
4934
4921
4935
4922
4936
4923
4937
4924
4938
4925
4939
4926
4940
4927
4941
4928
4942
4929
4943
4944
4931
4945
4932
4946
4933
4947
4934
4948
4935
4949
4936
4950
4937
4951
4938
4952
4939
4953
4940
4954
4941
4955
4942
4956
4943
4957
4944
4958
4959
4946
4960
4947
4961
4948
4962
4949
4963
4950
4964
4951
4965
4952
4966
4953
4967
4954
4968
4955
4969
4956
4970
4957
4971
4958
4972
4959
4973
4974
4961
4975
4962
4976
4963
4977
4964
4978
4965
4979
4966
4980
4967
4981
4968
4982
4969
4983
4970
4984
4971
4985
4972
4986
4973
4987
4974
4988
4989
4976
4990
4977
4991
4978
4992
4979
4993
4980
4994
4981
4995
4982
4996
4983
4997
4984
4998
4985
4999
4986
5000
4987
5001
4988
5002
4989
5003
5004
4991
5005
4992
5006
4993
5007
4994
5008
4995
5009
4996
5010
4997
5011
4998
5012
4999
5013
5000
5014
5001
5015
5002
5016
5003
5017
5004
5018
5019
5006
5020
5007
5021
5008
5022
5009
5023
5010
5024
5011
5025
5012
5026
5013
5027
5014
5028
5015
5029
5016
5030
5017
5031
5018
5032
5019
5033
5034
5021
5035
5022
5036
5023
5037
5024
5038
5025
5039
5026
5040
5027
5041
5028
5042
5029
5043
5030
5044
5031
5045
5032
5046
5033
5047
5034
5048
5049
5036
5050
5037
5051
5038
5052
5039
5053
5040
5054
5041
5055
5042
5056
5043
5057
5044
5058
5045
5059
5046
5060
5047
5061
5048
5062
5049
5063
5064
5051
5065
5052
5066
5053
5067
5054
5068
5055
5069
5056
5070
5057
5071
5058
5072
5059
5073
5060
5074
5061
5075
5062
5076
5063
5077
5064
5078
5079
5066
5080
5067
5081
5068
5082
5069
5083
5070
5084
5071
5085
5072
5086
5073
5087
5074
5088
5075
5089
5076
5090
5077
5091
5078
5092
5079
5093
5094
5081
5095
5082
5096
5083
5097
5084
5098
5085
5099
5086
5100
5087
5101
5088
5102
5089
5103
5090
5104
5091
5105
5092
5106
5093
5107
5094
5108
5109
5096
5110
5097
5111
5098
5112
5099
5113
5100
5114
5101
5115
5102
5116
5103
5117
5104
5118
5105
5119
5106
5120
5107
5121
5108
5122
5109
5123
5124
5111
5125
5112
5126
5113
5127
5114
5128
5115
5129
5116
5130
5117
5131
5118
5132
5119
5133
5120
5134
5121
5135
5122
5136
5123
5137
5124
5138
5139
5126
5140
5127
5141
5128
5142
5129
5143
5130
5144
5131
5145
5132
5146
5133
5147
5134
5148
5135
5149
5136
5150
5137
5151
5138
5152
5139
5153
5154
5141
5155
5142
5156
5143
5157
5144
5158
5145
5159
5146
5160
5147
5161
5148
5162
5149
5163
5150
5164
5151
5165
5152
5166
5153
5167
5154
5168
5169
5156
5170
5157
5171
5158
5172
5159
5173
5160
5174
5161
5175
5162
5176
5163
5177
5164
5178
5165
5179
5166
5180
5167
5181
5168
5182
5169
5183
5184
5171
5185
5172
5186
5173
5187
5174
5188
5175
5189
5176
5190
5177
5191
5178
5192
5179
5193
5180
5194
5181
5195
5182
5196
5183
5197
5184
5198
5199
5186
5200
5187
5201
5188
5202
5189
5203
5190
5204
5191
5205
5192
5206
5193
5207
5194
5208
5195
5209
5196
5210
5197
5211
5198
5212
5199
5213
5214
5201
5215
5202
5216
5203
5217
5204
5218
5205
5219
5206
5220
5207
5221
5208
5222
5209
5223
5210
5224
5211
5225
5212
5226
5213
5227
5214
5228
5229
5216
5230
5217
5231
5218
5232
5219
5233
5220
5234
5221
5235
5222
5236
5223
5237
5224
5238
5225
5239
5226
5240
5227
5241
5228
5242
5229
5243
5244
5231
5245
5232
5246
5233
5247
5234
5248
5235
5249
5236
5250
5237
5251
5238
5252
5239
5253
5240
5254
5241
5255
5242
5256
5243
5257
5244
5258
5259
5246
5260
5247
5261
5248
5262
5249
5263
5250
5264
5251
5265
5252
5266
5253
5267
5254
5268
5255
5269
5256
5270
5257
5271
5258
5272
5259
5273
5274
5261
5275
5262
5276
5263
5277
5264
5278
5265
5279
5266
5280
5267
5281
5268
5282
5269
5283
5270
5284
5271
5285
5272
5286
5273
5287
5274
5288
5289
5276
5290
5277
5291
5278
5292
5279
5293
5280
5294
5281
5295
5282
5296
5283
5297
5284
5298
5285
5299
5286
5300
5287
5301
5288
5302
5289
5303
5304
5291
5305
5292
5306
5293
5307
5294
5308
5295
5309
5296
5310
5297
5311
5298
5312
5299
5313
5300
5314
5301
5315
5302
5316
5303
5317
5304
5318
5319
5306
5320
5307
5321
5308
5322
5309
5323
5310
5324
5311
5325
5312
5326
5313
5327
5314
5328
5315
5329
5316
5330
5317
5331
5318
5332
5319
5333
5334
5321
5335
5322
5336
5323
5337
5324
5338
5325
5339
5326
5340
5327
5341
5328
5342
5329
5343
5330
5344
5331
5345
5332
5346
5333
5347
5334
5348
5349
5336
5350
5337
5351
5338
5352
5339
5353
5340
5354
5341
5355
5342
5356
5343
5357
5344
5358
5345
5359
5346
5360
5347
5361
5348
5362
5349
5363
5364
5351
5365
5352
5366
5353
5367
5354
5368
5355
5369
5356
5370
5357
5371
5358
5372
5359
5373
5360
5374
5361
5375
5362
5376
5363
5377
5364
5378
5379
5366
5380
5367
5381
5368
5382
5369
5383
5370
5384
5371
5385
5372
5386
5373
5387
5374
5388
5375
5389
5376
5390
5377
5391
5378
5392
5379
5393
5394
5381
5395
5382
5396
5383
5397
5384
5398
5385
5399
5386
5400
5387
5401
5388
5402
5389
5403
5390
5404
5391
5405
5392
5406
5393
5407
5394
5408
5409
5396
5410
5397
5411
5398
5412
5399
5413
5400
5414
5401
5415
5402
5416
5403
5417
5404
5418
5405
5419
5406
5420
5407
5421
5408
5422
5409
5423
5424
5411
5425
5412
5426
5413
5427
5414
5428
5415
5429
5416
5430
5417
5431
5418
5432
5419
5433
5420
5434
5421
5435
5422
5436
5423
5437
5424
5438
5439
5426
5440
5427
5441
5428
5442
5429
5443
5430
5444
5431
5445
5432
5446
5433
5447
5434
5448
5435
5449
5436
5450
5437
5451
5438
5452
5439
5453
5454
5441
5455
5442
5456
5443
5457
5444
5458
5445
5459
5446
5460
5447
5461
5448
5462
5449
5463
5450
5464
5451
5465
5452
5466
5453
5467
5454
5468
5469
5456
5470
5457
5471
5458
5472
5459
5473
5460
5474
5461
5475
5462
5476
5463
5477
5464
5478
5465
5479
5466
5480
5467
5481
5468
5482
5469
5483
5484
5471
5485
5472
5486
5473
5487
5474
5488
5475
5489
5476
5490
5477
5491
5478
5492
5479
5493
5480
5494
5481
5495
5482
5496
5483
5497
5484
5498
5499
5486
5500
5487
5501
5488
5502
5489
5503
5490
5504
5491
5505
5492
5506
5493
5507
5494
5508
5495
5509
5496
5510
5497
5511
5498
5512
5499
5513
5514
5501
5515
5502
5516
5503
5517
5504
5518
5505
5519
5506
5520
5507
5521
5508
5522
5509
5523
5510
5524
5511
5525
5512
5526
5513
5527
5514
5528
5529
5516
5530
5517
5531
5518
5532
5519
5533
5520
5534
5521
5535
5522
5536
5523
5537
5524
5538
5525
5539
5526
5540
5527
5541
5528
5542
5529
5543
5544
5531
5545
5532
5546
5533
5547
5534
5548
5535
5549
5536
5550
5537
5551
5538
5552
5539
5553
5540
5554
5541
5555
5542
5556
5543
5557
5544
5558
5559
5546
5560
5547
5561
5548
5562
5549
5563
5550
5564
5551
5565
5552
5566
5553
5567
5554
5568
5555
5569
5556
5570
5557
5571
5558
5572
5559
5573
5574
5561
5575
5562
5576
5563
5577
5564
5578
5565
5579
5566
5580
5567
5581
5568
5582
5569
5583
5570
5584
5571
5585
5572
5586
5573
5587
5574
5588
5589
5576
5590
5577
5591
5578
5592
5579
5593
5580
5594
5581
5595
5582
5596
5583
5597
5584
5598
5585
5599
5586
5600
5587
5601
5588
5602
5589
5603
5604
5591
5605
5592
5606
5593
5607
5594
5608
5595
5609
5596
5610
5597
5611
5598
5612
5599
5613
5600
5614
5601
5615
5602
5616
5603
5617
5604
5618
5619
5606
5620
5607
5621
5608
5622
5609
5623
5610
5624
5611
5625
5612
5626
5613
5627
5614
5628
5615
5629
5616
5630
5617
5631
5618
5632
5619
5633
5634
5621
5635
5622
5636
5623
5637
5624
5638
5625
5639
5626
5640
5627
5641
5628
5642
5629
5643
5630
5644
5631
5645
5632
5646
5633
5647
5634
5648
5649
5636
5650
5637
5651
5638
5652
5639
5653
5640
5654
5641
5655
5642
5656
5643
5657
5644
5658
5645
5659
5646
5660
5647
5661
5648
5662
5649
5663
5664
5651
5665
5652
5666
5653
5667
5654
5668
5655
5669
5656
5670
5657
5671
5658
5672
5659
5673
5660
5674
5661
5675
5662
5676
5663
5677
5664
5678
5679
5666
5680
5667
5681
5668
5682
5669
5683
5670
5684
5671
5685
5672
5686
5673
5687
5674
5688
5675
5689
5676
5690
5677
5691
5678
5692
5679
5693
5694
5681
5695
5682
5696
5683
5697
5684
5698
5685
5699
5686
5700
5687
5701
5688
5702
5689
5703
5690
5704
5691
5705
5692
5706
5693
5707
5694
5708
5709
5696
5710
5697
5711
5698
5712
5699
5713
5700
5714
5701
5715
5702
5716
5703
5717
5704
5718
5705
5719
5706
5720
5707
5721
5708
5722
5709
5723
5724
5711
5725
5712
5726
5713
5727
5714
5728
5715
5729
5716
5730
5717
5731
5718
5732
5719
5733
5720
5734
5721
5735
5722
5736
5723
5737
5724
5738
5739
5726
5740
5727
5741
5728
5742
5729
5743
5730
5744
5731
5745
5732
5746
5733
5747
5734
5748
5735
5749
5736
5750
5737
5751
5738
5752
5739
5753
5754
5741
5742
5743
5744
5745
5746
5747
5748
5749
5750
5751
5752
5753
5754
)


// ************************************************************************* //
