/*--------------------------------*- C++ -*----------------------------------*\
| =========                 |                                                 |
| \\      /  F ield         | OpenFOAM: The Open Source CFD Toolbox           |
|  \\    /   O peration     | Version:  2112                                  |
|   \\  /    A nd           | Website:  www.openfoam.com                      |
|    \\/     M anipulation  |                                                 |
\*---------------------------------------------------------------------------*/
FoamFile
{
    version     2.0;
    format      ascii;
    arch        "LSB;label=64;scalar=64";
    class       scalarField;
    location    "constant";
    object      zDim;
}
// * * * * * * * * * * * * * * * * * * * * * * * * * * * * * * * * * * * * * //


6270
(
0.00127
0.00127
0.00127
0.00127
0.00127
0.00127
0.00127
0.00127
0.00127
0.00127
0.00127
0.00127
0.00127
0.00127
0.00127
0.00127
0.00127
0.00127
0.00127
0.00127
0.00127
0.00127
0.00127
0.00127
0.00127
0.00127
0.00127
0.00127
0.00127
0.00127
0.00127
0.00127
0.00127
0.00127
0.00127
0.00127
0.00127
0.00127
0.00127
0.00127
0.00127
0.00127
0.00127
0.00127
0.00127
0.00127
0.00127
0.00127
0.00127
0.00127
0.00127
0.00127
0.00127
0.00127
0.00127
0.00127
0.00127
0.00127
0.00127
0.00127
0.00127
0.00127
0.00127
0.00127
0.00127
0.00127
0.00127
0.00127
0.00127
0.00127
0.00127
0.00127
0.00127
0.00127
0.00127
0.00127
0.00127
0.00127
0.00127
0.00127
0.00127
0.00127
0.00127
0.00127
0.00127
0.00127
0.00127
0.00127
0.00127
0.00127
0.00127
0.00127
0.00127
0.00127
0.00127
0.00127
0.00127
0.00127
0.00127
0.00127
0.00127
0.00127
0.00127
0.00127
0.00127
0.00127
0.00127
0.00127
0.00127
0.00127
0.00127
0.00127
0.00127
0.00127
0.00127
0.00127
0.00127
0.00127
0.00127
0.00127
0.00127
0.00127
0.00127
0.00127
0.00127
0.00127
0.00127
0.00127
0.00127
0.00127
0.00127
0.00127
0.00127
0.00127
0.00127
0.00127
0.00127
0.00127
0.00127
0.00127
0.00127
0.00127
0.00127
0.00127
0.00127
0.00127
0.00127
0.00127
0.00127
0.00127
0.00127
0.00127
0.00127
0.00127
0.00127
0.00127
0.00127
0.00127
0.00127
0.00127
0.00127
0.00127
0.00127
0.00127
0.00127
0.00127
0.00127
0.00127
0.00127
0.00127
0.00127
0.00127
0.00127
0.00127
0.00127
0.00127
0.00127
0.00127
0.00127
0.00127
0.00127
0.00127
0.00127
0.00127
0.00127
0.00127
0.00127
0.00127
0.00127
0.00127
0.00127
0.00127
0.00127
0.00127
0.00127
0.00127
0.00127
0.00127
0.00127
0.00127
0.00127
0.00127
0.00127
0.00127
0.00127
0.00127
0.00127
0.00127
0.00127
0.00127
0.00127
0.00127
0.00127
0.00127
0.00127
0.00127
0.00127
0.00127
0.00127
0.00127
0.00127
0.00127
0.00127
0.00127
0.00127
0.00127
0.00127
0.00127
0.00127
0.00127
0.00127
0.00127
0.00127
0.00127
0.00127
0.00127
0.00127
0.00127
0.00127
0.00127
0.00127
0.00127
0.00127
0.00127
0.00127
0.00127
0.00127
0.00127
0.00127
0.00127
0.00127
0.00127
0.00127
0.00127
0.00127
0.00127
0.00127
0.00127
0.00127
0.00127
0.00127
0.00127
0.00127
0.00127
0.00127
0.00127
0.00127
0.00127
0.00127
0.00127
0.00127
0.00127
0.00127
0.00127
0.00127
0.00127
0.00127
0.00127
0.00127
0.00127
0.00127
0.00127
0.00127
0.00127
0.00127
0.00127
0.00127
0.00127
0.00127
0.00127
0.00127
0.00127
0.00127
0.00127
0.00127
0.00127
0.00127
0.00127
0.00127
0.00127
0.00127
0.00127
0.00127
0.00127
0.00127
0.00127
0.00127
0.00127
0.00127
0.00127
0.00127
0.00127
0.00127
0.00127
0.00127
0.00127
0.00127
0.00127
0.00127
0.00127
0.00127
0.00127
0.00127
0.00127
0.00127
0.00127
0.00127
0.00127
0.00127
0.00127
0.00127
0.00127
0.00127
0.00127
0.00127
0.00127
0.00127
0.00127
0.00127
0.00127
0.00127
0.00127
0.00127
0.00127
0.00127
0.00127
0.00127
0.00127
0.00127
0.00127
0.00127
0.00127
0.00127
0.00127
0.00127
0.00127
0.00127
0.00127
0.00127
0.00127
0.00127
0.00127
0.00127
0.00127
0.00127
0.00127
0.00127
0.00127
0.00127
0.00127
0.00127
0.00127
0.00127
0.00127
0.00127
0.00127
0.00127
0.00127
0.00127
0.00127
0.00127
0.00127
0.00127
0.00127
0.00127
0.00127
0.00127
0.00127
0.00127
0.00127
0.00127
0.00127
0.00127
0.00127
0.00127
0.00127
0.00127
0.00127
0.00127
0.00127
0.00127
0.00127
0.00127
0.00127
0.00127
0.00127
0.00127
0.00127
0.00127
0.00127
0.00127
0.00127
0.00127
0.00127
0.00127
0.00127
0.00127
0.00127
0.00127
0.00127
0.00127
0.00127
0.00127
0.00127
0.00127
0.00127
0.00127
0.00127
0.00127
0.00127
0.00127
0.00127
0.00127
0.00127
0.00127
0.00127
0.00127
0.00127
0.00127
0.00127
0.00127
0.00127
0.00127
0.00127
0.00127
0.00127
0.00127
0.00127
0.00127
0.00127
0.00127
0.00127
0.00127
0.00127
0.00127
0.00127
0.00127
0.00127
0.00127
0.00127
0.00127
0.00127
0.00127
0.00127
0.00127
0.00127
0.00127
0.00127
0.00127
0.00127
0.00127
0.00127
0.00127
0.00127
0.00127
0.00127
0.00127
0.00127
0.00127
0.00127
0.00127
0.00127
0.00127
0.00127
0.00127
0.00127
0.00127
0.00127
0.00127
0.00127
0.00127
0.00127
0.00127
0.00127
0.00127
0.00127
0.00127
0.00127
0.00127
0.00127
0.00127
0.00127
0.00127
0.00127
0.00127
0.00127
0.00127
0.00127
0.00127
0.00127
0.00127
0.00127
0.00127
0.00127
0.00127
0.00127
0.00127
0.00127
0.00127
0.00127
0.00127
0.00127
0.00127
0.00127
0.00127
0.00127
0.00127
0.00127
0.00127
0.00127
0.00127
0.00127
0.00127
0.00127
0.00127
0.00127
0.00127
0.00127
0.00127
0.00127
0.00127
0.00127
0.00127
0.00127
0.00127
0.00127
0.00127
0.00127
0.00127
0.00127
0.00127
0.00127
0.00127
0.00127
0.00127
0.00127
0.00127
0.00127
0.00127
0.00127
0.00127
0.00127
0.00127
0.00127
0.00127
0.00127
0.00127
0.00127
0.00127
0.00127
0.00127
0.00127
0.00127
0.00127
0.00127
0.00127
0.00127
0.00127
0.00127
0.00127
0.00127
0.00127
0.00127
0.00127
0.00127
0.00127
0.00127
0.00127
0.00127
0.00127
0.00127
0.00127
0.00127
0.00127
0.00127
0.00127
0.00127
0.00127
0.00127
0.00127
0.00127
0.00127
0.00127
0.00127
0.00127
0.00127
0.00127
0.00127
0.00127
0.00127
0.00127
0.00127
0.00127
0.00127
0.00127
0.00127
0.00127
0.00127
0.00127
0.00127
0.00127
0.00127
0.00127
0.00127
0.00127
0.00127
0.00127
0.00127
0.00127
0.00127
0.00127
0.00127
0.00127
0.00127
0.00127
0.00127
0.00127
0.00127
0.00127
0.00127
0.00127
0.00127
0.00127
0.00127
0.00127
0.00127
0.00127
0.00127
0.00127
0.00127
0.00127
0.00127
0.00127
0.00127
0.00127
0.00127
0.00127
0.00127
0.00127
0.00127
0.00127
0.00127
0.00127
0.00127
0.00127
0.00127
0.00127
0.00127
0.00127
0.00127
0.00127
0.00127
0.00127
0.00127
0.00127
0.00127
0.00127
0.00127
0.00127
0.00127
0.00127
0.00127
0.00127
0.00127
0.00127
0.00127
0.00127
0.00127
0.00127
0.00127
0.00127
0.00127
0.00127
0.00127
0.00127
0.00127
0.00127
0.00127
0.00127
0.00127
0.00127
0.00127
0.00127
0.00127
0.00127
0.00127
0.00127
0.00127
0.00127
0.00127
0.00127
0.00127
0.00127
0.00127
0.00127
0.00127
0.00127
0.00127
0.00127
0.00127
0.00127
0.00127
0.00127
0.00127
0.00127
0.00127
0.00127
0.00127
0.00127
0.00127
0.00127
0.00127
0.00127
0.00127
0.00127
0.00127
0.00127
0.00127
0.00127
0.00127
0.00127
0.00127
0.00127
0.00127
0.00127
0.00127
0.00127
0.00127
0.00127
0.00127
0.00127
0.00127
0.00127
0.00127
0.00127
0.00127
0.00127
0.00127
0.00127
0.00127
0.00127
0.00127
0.00127
0.00127
0.00127
0.00127
0.00127
0.00127
0.00127
0.00127
0.00127
0.00127
0.00127
0.00127
0.00127
0.00127
0.00127
0.00127
0.00127
0.00127
0.00127
0.00127
0.00127
0.00127
0.00127
0.00127
0.00127
0.00127
0.00127
0.00127
0.00127
0.00127
0.00127
0.00127
0.00127
0.00127
0.00127
0.00127
0.00127
0.00127
0.00127
0.00127
0.00127
0.00127
0.00127
0.00127
0.00127
0.00127
0.00127
0.00127
0.00127
0.00127
0.00127
0.00127
0.00127
0.00127
0.00127
0.00127
0.00127
0.00127
0.00127
0.00127
0.00127
0.00127
0.00127
0.00127
0.00127
0.00127
0.00127
0.00127
0.00127
0.00127
0.00127
0.00127
0.00127
0.00127
0.00127
0.00127
0.00127
0.00127
0.00127
0.00127
0.00127
0.00127
0.00127
0.00127
0.00127
0.00127
0.00127
0.00127
0.00127
0.00127
0.00127
0.00127
0.00127
0.00127
0.00127
0.00127
0.00127
0.00127
0.00127
0.00127
0.00127
0.00127
0.00127
0.00127
0.00127
0.00127
0.00127
0.00127
0.00127
0.00127
0.00127
0.00127
0.00127
0.00127
0.00127
0.00127
0.00127
0.00127
0.00127
0.00127
0.00127
0.00127
0.00127
0.00127
0.00127
0.00127
0.00127
0.00127
0.00127
0.00127
0.00127
0.00127
0.00127
0.00127
0.00127
0.00127
0.00127
0.00127
0.00127
0.00127
0.00127
0.00127
0.00127
0.00127
0.00127
0.00127
0.00127
0.00127
0.00127
0.00127
0.00127
0.00127
0.00127
0.00127
0.00127
0.00127
0.00127
0.00127
0.00127
0.00127
0.00127
0.00127
0.00127
0.00127
0.00127
0.00127
0.00127
0.00127
0.00127
0.00127
0.00127
0.00127
0.00127
0.00127
0.00127
0.00127
0.00127
0.00127
0.00127
0.00127
0.00127
0.00127
0.00127
0.00127
0.00127
0.00127
0.00127
0.00127
0.00127
0.00127
0.00127
0.00127
0.00127
0.00127
0.00127
0.00127
0.00127
0.00127
0.00127
0.00127
0.00127
0.00127
0.00127
0.00127
0.00127
0.00127
0.00127
0.00127
0.00127
0.00127
0.00127
0.00127
0.00127
0.00127
0.00127
0.00127
0.00127
0.00127
0.00127
0.00127
0.00127
0.00127
0.00127
0.00127
0.00127
0.00127
0.00127
0.00127
0.00127
0.00127
0.00127
0.00127
0.00127
0.00127
0.00127
0.00127
0.00127
0.00127
0.00127
0.00127
0.00127
0.00127
0.00127
0.00127
0.00127
0.00127
0.00127
0.00127
0.00127
0.00127
0.00127
0.00127
0.00127
0.00127
0.00127
0.00127
0.00127
0.00127
0.00127
0.00127
0.00127
0.00127
0.00127
0.00127
0.00127
0.00127
0.00127
0.00127
0.00127
0.00127
0.00127
0.00127
0.00127
0.00127
0.00127
0.00127
0.00127
0.00127
0.00127
0.00127
0.00127
0.00127
0.00127
0.00127
0.00127
0.00127
0.00127
0.00127
0.00127
0.00127
0.00127
0.00127
0.00127
0.00127
0.00127
0.00127
0.00127
0.00127
0.00127
0.00127
0.00127
0.00127
0.00127
0.00127
0.00127
0.00127
0.00127
0.00127
0.00127
0.00127
0.00127
0.00127
0.00127
0.00127
0.00127
0.00127
0.00127
0.00127
0.00127
0.00127
0.00127
0.00127
0.00127
0.00127
0.00127
0.00127
0.00127
0.00127
0.00127
0.00127
0.00127
0.00127
0.00127
0.00127
0.00127
0.00127
0.00127
0.00127
0.00127
0.00127
0.00127
0.00127
0.00127
0.00127
0.00127
0.00127
0.00127
0.00127
0.00127
0.00127
0.00127
0.00127
0.00127
0.00127
0.00127
0.00127
0.00127
0.00127
0.00127
0.00127
0.00127
0.00127
0.00127
0.00127
0.00127
0.00127
0.00127
0.00127
0.00127
0.00127
0.00127
0.00127
0.00127
0.00127
0.00127
0.00127
0.00127
0.00127
0.00127
0.00127
0.00127
0.00127
0.00127
0.00127
0.00127
0.00127
0.00127
0.00127
0.00127
0.00127
0.00127
0.00127
0.00127
0.00127
0.00127
0.00127
0.00127
0.00127
0.00127
0.00127
0.00127
0.00127
0.00127
0.00127
0.00127
0.00127
0.00127
0.00127
0.00127
0.00127
0.00127
0.00127
0.00127
0.00127
0.00127
0.00127
0.00127
0.00127
0.00127
0.00127
0.00127
0.00127
0.00127
0.00127
0.00127
0.00127
0.00127
0.00127
0.00127
0.00127
0.00127
0.00127
0.00127
0.00127
0.00127
0.00127
0.00127
0.00127
0.00127
0.00127
0.00127
0.00127
0.00127
0.00127
0.00127
0.00127
0.00127
0.00127
0.00127
0.00127
0.00127
0.00127
0.00127
0.00127
0.00127
0.00127
0.00127
0.00127
0.00127
0.00127
0.00127
0.00127
0.00127
0.00127
0.00127
0.00127
0.00127
0.00127
0.00127
0.00127
0.00127
0.00127
0.00127
0.00127
0.00127
0.00127
0.00127
0.00127
0.00127
0.00127
0.00127
0.00127
0.00127
0.00127
0.00127
0.00127
0.00127
0.00127
0.00127
0.00127
0.00127
0.00127
0.00127
0.00127
0.00127
0.00127
0.00127
0.00127
0.00127
0.00127
0.00127
0.00127
0.00127
0.00127
0.00127
0.00127
0.00127
0.00127
0.00127
0.00127
0.00127
0.00127
0.00127
0.00127
0.00127
0.00127
0.00127
0.00127
0.00127
0.00127
0.00127
0.00127
0.00127
0.00127
0.00127
0.00127
0.00127
0.00127
0.00127
0.00127
0.00127
0.00127
0.00127
0.00127
0.00127
0.00127
0.00127
0.00127
0.00127
0.00127
0.00127
0.00127
0.00127
0.00127
0.00127
0.00127
0.00127
0.00127
0.00127
0.00127
0.00127
0.00127
0.00127
0.00127
0.00127
0.00127
0.00127
0.00127
0.00127
0.00127
0.00127
0.00127
0.00127
0.00127
0.00127
0.00127
0.00127
0.00127
0.00127
0.00127
0.00127
0.00127
0.00127
0.00127
0.00127
0.00127
0.00127
0.00127
0.00127
0.00127
0.00127
0.00127
0.00127
0.00127
0.00127
0.00127
0.00127
0.00127
0.00127
0.00127
0.00127
0.00127
0.00127
0.00127
0.00127
0.00127
0.00127
0.00127
0.00127
0.00127
0.00127
0.00127
0.00127
0.00127
0.00127
0.00127
0.00127
0.00127
0.00127
0.00127
0.00127
0.00127
0.00127
0.00127
0.00127
0.00127
0.00127
0.00127
0.00127
0.00127
0.00127
0.00127
0.00127
0.00127
0.00127
0.00127
0.00127
0.00127
0.00127
0.00127
0.00127
0.00127
0.00127
0.00127
0.00127
0.00127
0.00127
0.00127
0.00127
0.00127
0.00127
0.00127
0.00127
0.00127
0.00127
0.00127
0.00127
0.00127
0.00127
0.00127
0.00127
0.00127
0.00127
0.00127
0.00127
0.00127
0.00127
0.00127
0.00127
0.00127
0.00127
0.00127
0.00127
0.00127
0.00127
0.00127
0.00127
0.00127
0.00127
0.00127
0.00127
0.00127
0.00127
0.00127
0.00127
0.00127
0.00127
0.00127
0.0010297297297
0.0010297297297
0.0010297297297
0.0010297297297
0.0010297297297
0.0010297297297
0.0010297297297
0.0010297297297
0.0010297297297
0.0010297297297
0.0010297297297
0.0010297297297
0.0010297297297
0.0010297297297
0.0010297297297
0.0010297297297
0.0010297297297
0.0010297297297
0.0010297297297
0.0010297297297
0.0010297297297
0.0010297297297
0.0010297297297
0.0010297297297
0.0010297297298
0.0010297297298
0.0010297297298
0.0010297297298
0.0010297297298
0.0010297297298
0.0010297297298
0.0010297297298
0.0010297297298
0.0010297297298
0.0010297297298
0.0010297297298
0.0010297297298
0.0010297297298
0.0010297297298
0.0010297297298
0.0010297297298
0.0010297297298
0.0010297297298
0.0010297297298
0.0010297297298
0.0010297297298
0.0010297297298
0.0010297297298
0.0010297297297
0.0010297297297
0.0010297297297
0.0010297297297
0.0010297297297
0.0010297297297
0.0010297297297
0.0010297297297
0.0010297297297
0.0010297297297
0.0010297297297
0.0010297297297
0.0010297297297
0.0010297297297
0.0010297297297
0.0010297297297
0.0010297297297
0.0010297297297
0.0010297297297
0.0010297297297
0.0010297297297
0.0010297297297
0.0010297297297
0.0010297297297
0.0010297297297
0.0010297297297
0.0010297297297
0.0010297297297
0.0010297297297
0.0010297297297
0.0010297297297
0.0010297297297
0.0010297297297
0.0010297297297
0.0010297297297
0.0010297297297
0.0010297297297
0.0010297297297
0.0010297297297
0.0010297297297
0.0010297297297
0.0010297297297
0.0010297297297
0.0010297297297
0.0010297297297
0.0010297297297
0.0010297297297
0.0010297297297
0.0010297297297
0.0010297297297
0.0010297297297
0.0010297297297
0.0010297297297
0.0010297297297
0.0010297297297
0.0010297297297
0.0010297297297
0.0010297297297
0.0010297297297
0.0010297297297
0.0010297297297
0.0010297297297
0.0010297297297
0.0010297297297
0.0010297297297
0.0010297297297
0.0010297297297
0.0010297297297
0.0010297297297
0.0010297297297
0.0010297297297
0.0010297297297
0.0010297297298
0.0010297297298
0.0010297297298
0.0010297297298
0.0010297297298
0.0010297297298
0.0010297297298
0.0010297297298
0.0010297297298
0.0010297297298
0.0010297297298
0.0010297297298
0.0010297297298
0.0010297297298
0.0010297297298
0.0010297297298
0.0010297297298
0.0010297297298
0.0010297297298
0.0010297297298
0.0010297297298
0.0010297297298
0.0010297297298
0.0010297297298
0.0010297297297
0.0010297297297
0.0010297297297
0.0010297297297
0.0010297297297
0.0010297297297
0.0010297297297
0.0010297297297
0.0010297297297
0.0010297297297
0.0010297297297
0.0010297297297
0.0010297297297
0.0010297297297
0.0010297297297
0.0010297297297
0.0010297297297
0.0010297297297
0.0010297297297
0.0010297297297
0.0010297297297
0.0010297297297
0.0010297297297
0.0010297297297
0.0010297297297
0.0010297297297
0.0010297297297
0.0010297297297
0.0010297297297
0.0010297297297
0.0010297297297
0.0010297297297
0.0010297297297
0.0010297297297
0.0010297297297
0.0010297297297
0.0010297297297
0.0010297297297
0.0010297297297
0.0010297297297
0.0010297297297
0.0010297297297
0.0010297297297
0.0010297297297
0.0010297297297
0.0010297297297
0.0010297297297
0.0010297297297
0.0010297297298
0.0010297297298
0.0010297297298
0.0010297297298
0.0010297297298
0.0010297297298
0.0010297297298
0.0010297297298
0.0010297297298
0.0010297297298
0.0010297297298
0.0010297297298
0.0010297297298
0.0010297297298
0.0010297297298
0.0010297297298
0.0010297297298
0.0010297297298
0.0010297297298
0.0010297297298
0.0010297297298
0.0010297297298
0.0010297297298
0.0010297297298
0.0010297297297
0.0010297297297
0.0010297297297
0.0010297297297
0.0010297297297
0.0010297297297
0.0010297297297
0.0010297297297
0.0010297297297
0.0010297297297
0.0010297297297
0.0010297297297
0.0010297297297
0.0010297297297
0.0010297297297
0.0010297297297
0.0010297297297
0.0010297297297
0.0010297297297
0.0010297297297
0.0010297297297
0.0010297297297
0.0010297297297
0.0010297297297
0.0010297297297
0.0010297297297
0.0010297297297
0.0010297297297
0.0010297297297
0.0010297297297
0.0010297297297
0.0010297297297
0.0010297297297
0.0010297297297
0.0010297297297
0.0010297297297
0.0010297297297
0.0010297297297
0.0010297297297
0.0010297297297
0.0010297297297
0.0010297297297
0.0010297297297
0.0010297297297
0.0010297297297
0.0010297297297
0.0010297297297
0.0010297297297
0.0010297297298
0.0010297297298
0.0010297297298
0.0010297297298
0.0010297297298
0.0010297297298
0.0010297297298
0.0010297297298
0.0010297297298
0.0010297297298
0.0010297297298
0.0010297297298
0.0010297297298
0.0010297297298
0.0010297297298
0.0010297297298
0.0010297297298
0.0010297297298
0.0010297297298
0.0010297297298
0.0010297297298
0.0010297297298
0.0010297297298
0.0010297297298
0.0010297297297
0.0010297297297
0.0010297297297
0.0010297297297
0.0010297297297
0.0010297297297
0.0010297297297
0.0010297297297
0.0010297297297
0.0010297297297
0.0010297297297
0.0010297297297
0.0010297297297
0.0010297297297
0.0010297297297
0.0010297297297
0.0010297297297
0.0010297297297
0.0010297297297
0.0010297297297
0.0010297297297
0.0010297297297
0.0010297297297
0.0010297297297
0.0010297297297
0.0010297297297
0.0010297297297
0.0010297297297
0.0010297297297
0.0010297297297
0.0010297297297
0.0010297297297
0.0010297297297
0.0010297297297
0.0010297297297
0.0010297297297
0.0010297297297
0.0010297297297
0.0010297297297
0.0010297297297
0.0010297297297
0.0010297297297
0.0010297297297
0.0010297297297
0.0010297297297
0.0010297297297
0.0010297297297
0.0010297297297
0.0010297297297
0.0010297297297
0.0010297297297
0.0010297297297
0.0010297297297
0.0010297297297
0.0010297297297
0.0010297297297
0.0010297297297
0.0010297297297
0.0010297297297
0.0010297297297
0.0010297297297
0.0010297297297
0.0010297297297
0.0010297297297
0.0010297297297
0.0010297297297
0.0010297297297
0.0010297297297
0.0010297297297
0.0010297297297
0.0010297297297
0.0010297297297
0.0010297297298
0.0010297297298
0.0010297297298
0.0010297297298
0.0010297297298
0.0010297297298
0.0010297297298
0.0010297297298
0.0010297297298
0.0010297297298
0.0010297297298
0.0010297297298
0.0010297297298
0.0010297297298
0.0010297297298
0.0010297297298
0.0010297297298
0.0010297297298
0.0010297297298
0.0010297297298
0.0010297297298
0.0010297297298
0.0010297297298
0.0010297297298
0.0010297297297
0.0010297297297
0.0010297297297
0.0010297297297
0.0010297297297
0.0010297297297
0.0010297297297
0.0010297297297
0.0010297297297
0.0010297297297
0.0010297297297
0.0010297297297
0.0010297297297
0.0010297297297
0.0010297297297
0.0010297297297
0.0010297297297
0.0010297297297
0.0010297297297
0.0010297297297
0.0010297297297
0.0010297297297
0.0010297297297
0.0010297297297
0.0010297297297
0.0010297297297
0.0010297297297
0.0010297297297
0.0010297297297
0.0010297297297
0.0010297297297
0.0010297297297
0.0010297297297
0.0010297297297
0.0010297297297
0.0010297297297
0.0010297297297
0.0010297297297
0.0010297297297
0.0010297297297
0.0010297297297
0.0010297297297
0.0010297297297
0.0010297297297
0.0010297297297
0.0010297297297
0.0010297297297
0.0010297297297
0.0010297297298
0.0010297297298
0.0010297297298
0.0010297297298
0.0010297297298
0.0010297297298
0.0010297297298
0.0010297297298
0.0010297297298
0.0010297297298
0.0010297297298
0.0010297297298
0.0010297297298
0.0010297297298
0.0010297297298
0.0010297297298
0.0010297297298
0.0010297297298
0.0010297297298
0.0010297297298
0.0010297297298
0.0010297297298
0.0010297297298
0.0010297297298
0.0010297297297
0.0010297297297
0.0010297297297
0.0010297297297
0.0010297297297
0.0010297297297
0.0010297297297
0.0010297297297
0.0010297297297
0.0010297297297
0.0010297297297
0.0010297297297
0.0010297297297
0.0010297297297
0.0010297297297
0.0010297297297
0.0010297297297
0.0010297297297
0.0010297297297
0.0010297297297
0.0010297297297
0.0010297297297
0.0010297297297
0.0010297297297
0.0010297297297
0.0010297297297
0.0010297297297
0.0010297297297
0.0010297297297
0.0010297297297
0.0010297297297
0.0010297297297
0.0010297297297
0.0010297297297
0.0010297297297
0.0010297297297
0.0010297297297
0.0010297297297
0.0010297297297
0.0010297297297
0.0010297297297
0.0010297297297
0.0010297297297
0.0010297297297
0.0010297297297
0.0010297297297
0.0010297297297
0.0010297297297
0.0010297297298
0.0010297297298
0.0010297297298
0.0010297297298
0.0010297297298
0.0010297297298
0.0010297297298
0.0010297297298
0.0010297297298
0.0010297297298
0.0010297297298
0.0010297297298
0.0010297297298
0.0010297297298
0.0010297297298
0.0010297297298
0.0010297297298
0.0010297297298
0.0010297297298
0.0010297297298
0.0010297297298
0.0010297297298
0.0010297297298
0.0010297297298
0.0010297297297
0.0010297297297
0.0010297297297
0.0010297297297
0.0010297297297
0.0010297297297
0.0010297297297
0.0010297297297
0.0010297297297
0.0010297297297
0.0010297297297
0.0010297297297
0.0010297297297
0.0010297297297
0.0010297297297
0.0010297297297
0.0010297297297
0.0010297297297
0.0010297297297
0.0010297297297
0.0010297297297
0.0010297297297
0.0010297297297
0.0010297297297
0.0010297297302
0.0010297297302
0.0010297297302
0.0010297297302
0.0010297297302
0.0010297297302
0.0010297297302
0.0010297297302
0.0010297297302
0.0010297297302
0.0010297297302
0.0010297297302
0.0010297297302
0.0010297297302
0.0010297297302
0.0010297297302
0.0010297297302
0.0010297297302
0.0010297297302
0.0010297297302
0.0010297297302
0.0010297297302
0.0010297297302
0.0010297297302
0.001029729729
0.001029729729
0.001029729729
0.001029729729
0.001029729729
0.001029729729
0.001029729729
0.001029729729
0.001029729729
0.001029729729
0.001029729729
0.001029729729
0.001029729729
0.001029729729
0.001029729729
0.001029729729
0.001029729729
0.001029729729
0.001029729729
0.001029729729
0.001029729729
0.001029729729
0.001029729729
0.001029729729
0.00102972973
0.00102972973
0.00102972973
0.00102972973
0.00102972973
0.00102972973
0.00102972973
0.00102972973
0.00102972973
0.00102972973
0.00102972973
0.00102972973
0.00102972973
0.00102972973
0.00102972973
0.00102972973
0.00102972973
0.00102972973
0.00102972973
0.00102972973
0.00102972973
0.00102972973
0.00102972973
0.00102972973
0.00102972973
0.00102972973
0.00102972973
0.00102972973
0.00102972973
0.00102972973
0.00102972973
0.00102972973
0.00102972973
0.00102972973
0.00102972973
0.00102972973
0.00102972973
0.00102972973
0.00102972973
0.00102972973
0.00102972973
0.00102972973
0.00102972973
0.00102972973
0.00102972973
0.00102972973
0.00102972973
0.00102972973
0.001029729729
0.001029729729
0.001029729729
0.001029729729
0.001029729729
0.001029729729
0.001029729729
0.001029729729
0.001029729729
0.001029729729
0.001029729729
0.001029729729
0.001029729729
0.001029729729
0.001029729729
0.001029729729
0.001029729729
0.001029729729
0.001029729729
0.001029729729
0.001029729729
0.001029729729
0.001029729729
0.001029729729
0.00102972973
0.00102972973
0.00102972973
0.00102972973
0.00102972973
0.00102972973
0.00102972973
0.00102972973
0.00102972973
0.00102972973
0.00102972973
0.00102972973
0.00102972973
0.00102972973
0.00102972973
0.00102972973
0.00102972973
0.00102972973
0.00102972973
0.00102972973
0.00102972973
0.00102972973
0.00102972973
0.00102972973
0.00102972973
0.00102972973
0.00102972973
0.00102972973
0.00102972973
0.00102972973
0.00102972973
0.00102972973
0.00102972973
0.00102972973
0.00102972973
0.00102972973
0.00102972973
0.00102972973
0.00102972973
0.00102972973
0.00102972973
0.00102972973
0.00102972973
0.00102972973
0.00102972973
0.00102972973
0.00102972973
0.00102972973
0.00102972973
0.00102972973
0.00102972973
0.00102972973
0.00102972973
0.00102972973
0.00102972973
0.00102972973
0.00102972973
0.00102972973
0.00102972973
0.00102972973
0.00102972973
0.00102972973
0.00102972973
0.00102972973
0.00102972973
0.00102972973
0.00102972973
0.00102972973
0.00102972973
0.00102972973
0.00102972973
0.00102972973
0.001029729729
0.001029729729
0.001029729729
0.001029729729
0.001029729729
0.001029729729
0.001029729729
0.001029729729
0.001029729729
0.001029729729
0.001029729729
0.001029729729
0.001029729729
0.001029729729
0.001029729729
0.001029729729
0.001029729729
0.001029729729
0.001029729729
0.001029729729
0.001029729729
0.001029729729
0.001029729729
0.001029729729
0.00102972973
0.00102972973
0.00102972973
0.00102972973
0.00102972973
0.00102972973
0.00102972973
0.00102972973
0.00102972973
0.00102972973
0.00102972973
0.00102972973
0.00102972973
0.00102972973
0.00102972973
0.00102972973
0.00102972973
0.00102972973
0.00102972973
0.00102972973
0.00102972973
0.00102972973
0.00102972973
0.00102972973
0.00102972973
0.00102972973
0.00102972973
0.00102972973
0.00102972973
0.00102972973
0.00102972973
0.00102972973
0.00102972973
0.00102972973
0.00102972973
0.00102972973
0.00102972973
0.00102972973
0.00102972973
0.00102972973
0.00102972973
0.00102972973
0.00102972973
0.00102972973
0.00102972973
0.00102972973
0.00102972973
0.00102972973
0.00102972973
0.00102972973
0.00102972973
0.00102972973
0.00102972973
0.00102972973
0.00102972973
0.00102972973
0.00102972973
0.00102972973
0.00102972973
0.00102972973
0.00102972973
0.00102972973
0.00102972973
0.00102972973
0.00102972973
0.00102972973
0.00102972973
0.00102972973
0.00102972973
0.00102972973
0.00102972973
0.00102972973
0.001029729729
0.001029729729
0.001029729729
0.001029729729
0.001029729729
0.001029729729
0.001029729729
0.001029729729
0.001029729729
0.001029729729
0.001029729729
0.001029729729
0.001029729729
0.001029729729
0.001029729729
0.001029729729
0.001029729729
0.001029729729
0.001029729729
0.001029729729
0.001029729729
0.001029729729
0.001029729729
0.001029729729
0.00102972973
0.00102972973
0.00102972973
0.00102972973
0.00102972973
0.00102972973
0.00102972973
0.00102972973
0.00102972973
0.00102972973
0.00102972973
0.00102972973
0.00102972973
0.00102972973
0.00102972973
0.00102972973
0.00102972973
0.00102972973
0.00102972973
0.00102972973
0.00102972973
0.00102972973
0.00102972973
0.00102972973
0.001212605625
0.001212605625
0.001212605625
0.001212605625
0.001212605625
0.001212605625
0.001212605625
0.001212605625
0.001212605625
0.001212605625
0.001212605625
0.001212605625
0.001212605625
0.001212605625
0.001212605625
0.001212605625
0.001212605625
0.001212605625
0.001212605625
0.001212605625
0.001212605625
0.001212605625
0.001212605625
0.001212605625
0.001181533035
0.001181533035
0.001181533035
0.001181533035
0.001181533035
0.001181533035
0.001181533035
0.001181533035
0.001181533035
0.001181533035
0.001181533035
0.001181533035
0.001181533035
0.001181533035
0.001181533035
0.001181533035
0.001181533035
0.001181533035
0.001181533035
0.001181533035
0.001181533035
0.001181533035
0.001181533035
0.001181533035
0.001151256669
0.001151256669
0.001151256669
0.001151256669
0.001151256669
0.001151256669
0.001151256669
0.001151256669
0.001151256669
0.001151256669
0.001151256669
0.001151256669
0.001151256669
0.001151256669
0.001151256669
0.001151256669
0.001151256669
0.001151256669
0.001151256669
0.001151256669
0.001151256669
0.001151256669
0.001151256669
0.001151256669
0.001121756124
0.001121756124
0.001121756124
0.001121756124
0.001121756124
0.001121756124
0.001121756124
0.001121756124
0.001121756124
0.001121756124
0.001121756124
0.001121756124
0.001121756124
0.001121756124
0.001121756124
0.001121756124
0.001121756124
0.001121756124
0.001121756124
0.001121756124
0.001121756124
0.001121756124
0.001121756124
0.001121756124
0.001093011521
0.001093011521
0.001093011521
0.001093011521
0.001093011521
0.001093011521
0.001093011521
0.001093011521
0.001093011521
0.001093011521
0.001093011521
0.001093011521
0.001093011521
0.001093011521
0.001093011521
0.001093011521
0.001093011521
0.001093011521
0.001093011521
0.001093011521
0.001093011521
0.001093011521
0.001093011521
0.001093011521
0.001065003487
0.001065003487
0.001065003487
0.001065003487
0.001065003487
0.001065003487
0.001065003487
0.001065003487
0.001065003487
0.001065003487
0.001065003487
0.001065003487
0.001065003487
0.001065003487
0.001065003487
0.001065003487
0.001065003487
0.001065003487
0.001065003487
0.001065003487
0.001065003487
0.001065003487
0.001065003487
0.001065003487
0.00103771315
0.00103771315
0.00103771315
0.00103771315
0.00103771315
0.00103771315
0.00103771315
0.00103771315
0.00103771315
0.00103771315
0.00103771315
0.00103771315
0.00103771315
0.00103771315
0.00103771315
0.00103771315
0.00103771315
0.00103771315
0.00103771315
0.00103771315
0.00103771315
0.00103771315
0.00103771315
0.00103771315
0.001011122117
0.001011122117
0.001011122117
0.001011122117
0.001011122117
0.001011122117
0.001011122117
0.001011122117
0.001011122117
0.001011122117
0.001011122117
0.001011122117
0.001011122117
0.001011122117
0.001011122117
0.001011122117
0.001011122117
0.001011122117
0.001011122117
0.001011122117
0.001011122117
0.001011122117
0.001011122117
0.001011122117
0.000985212471
0.000985212471
0.000985212471
0.000985212471
0.000985212471
0.000985212471
0.000985212471
0.000985212471
0.000985212471
0.000985212471
0.000985212471
0.000985212471
0.000985212471
0.000985212471
0.000985212471
0.000985212471
0.000985212471
0.000985212471
0.000985212471
0.000985212471
0.000985212471
0.000985212471
0.000985212471
0.000985212471
0.00095996675
0.00095996675
0.00095996675
0.00095996675
0.00095996675
0.00095996675
0.00095996675
0.00095996675
0.00095996675
0.00095996675
0.00095996675
0.00095996675
0.00095996675
0.00095996675
0.00095996675
0.00095996675
0.00095996675
0.00095996675
0.00095996675
0.00095996675
0.00095996675
0.00095996675
0.00095996675
0.00095996675
0.000935367942
0.000935367942
0.000935367942
0.000935367942
0.000935367942
0.000935367942
0.000935367942
0.000935367942
0.000935367942
0.000935367942
0.000935367942
0.000935367942
0.000935367942
0.000935367942
0.000935367942
0.000935367942
0.000935367942
0.000935367942
0.000935367942
0.000935367942
0.000935367942
0.000935367942
0.000935367942
0.000935367942
0.000911399469
0.000911399469
0.000911399469
0.000911399469
0.000911399469
0.000911399469
0.000911399469
0.000911399469
0.000911399469
0.000911399469
0.000911399469
0.000911399469
0.000911399469
0.000911399469
0.000911399469
0.000911399469
0.000911399469
0.000911399469
0.000911399469
0.000911399469
0.000911399469
0.000911399469
0.000911399469
0.000911399469
0.00088804518
0.00088804518
0.00088804518
0.00088804518
0.00088804518
0.00088804518
0.00088804518
0.00088804518
0.00088804518
0.00088804518
0.00088804518
0.00088804518
0.00088804518
0.00088804518
0.00088804518
0.00088804518
0.00088804518
0.00088804518
0.00088804518
0.00088804518
0.00088804518
0.00088804518
0.00088804518
0.00088804518
0.000865289337
0.000865289337
0.000865289337
0.000865289337
0.000865289337
0.000865289337
0.000865289337
0.000865289337
0.000865289337
0.000865289337
0.000865289337
0.000865289337
0.000865289337
0.000865289337
0.000865289337
0.000865289337
0.000865289337
0.000865289337
0.000865289337
0.000865289337
0.000865289337
0.000865289337
0.000865289337
0.000865289337
0.000843116603
0.000843116603
0.000843116603
0.000843116603
0.000843116603
0.000843116603
0.000843116603
0.000843116603
0.000843116603
0.000843116603
0.000843116603
0.000843116603
0.000843116603
0.000843116603
0.000843116603
0.000843116603
0.000843116603
0.000843116603
0.000843116603
0.000843116603
0.000843116603
0.000843116603
0.000843116603
0.000843116603
0.000821512039
0.000821512039
0.000821512039
0.000821512039
0.000821512039
0.000821512039
0.000821512039
0.000821512039
0.000821512039
0.000821512039
0.000821512039
0.000821512039
0.000821512039
0.000821512039
0.000821512039
0.000821512039
0.000821512039
0.000821512039
0.000821512039
0.000821512039
0.000821512039
0.000821512039
0.000821512039
0.000821512039
0.000800461084
0.000800461084
0.000800461084
0.000800461084
0.000800461084
0.000800461084
0.000800461084
0.000800461084
0.000800461084
0.000800461084
0.000800461084
0.000800461084
0.000800461084
0.000800461084
0.000800461084
0.000800461084
0.000800461084
0.000800461084
0.000800461084
0.000800461084
0.000800461084
0.000800461084
0.000800461084
0.000800461084
0.000779949552
0.000779949552
0.000779949552
0.000779949552
0.000779949552
0.000779949552
0.000779949552
0.000779949552
0.000779949552
0.000779949552
0.000779949552
0.000779949552
0.000779949552
0.000779949552
0.000779949552
0.000779949552
0.000779949552
0.000779949552
0.000779949552
0.000779949552
0.000779949552
0.000779949552
0.000779949552
0.000779949552
0.00075996362
0.00075996362
0.00075996362
0.00075996362
0.00075996362
0.00075996362
0.00075996362
0.00075996362
0.00075996362
0.00075996362
0.00075996362
0.00075996362
0.00075996362
0.00075996362
0.00075996362
0.00075996362
0.00075996362
0.00075996362
0.00075996362
0.00075996362
0.00075996362
0.00075996362
0.00075996362
0.00075996362
0.000740489822
0.000740489822
0.000740489822
0.000740489822
0.000740489822
0.000740489822
0.000740489822
0.000740489822
0.000740489822
0.000740489822
0.000740489822
0.000740489822
0.000740489822
0.000740489822
0.000740489822
0.000740489822
0.000740489822
0.000740489822
0.000740489822
0.000740489822
0.000740489822
0.000740489822
0.000740489822
0.000740489822
0.000721515032
0.000721515032
0.000721515032
0.000721515032
0.000721515032
0.000721515032
0.000721515032
0.000721515032
0.000721515032
0.000721515032
0.000721515032
0.000721515032
0.000721515032
0.000721515032
0.000721515032
0.000721515032
0.000721515032
0.000721515032
0.000721515032
0.000721515032
0.000721515032
0.000721515032
0.000721515032
0.000721515032
0.000703026465
0.000703026465
0.000703026465
0.000703026465
0.000703026465
0.000703026465
0.000703026465
0.000703026465
0.000703026465
0.000703026465
0.000703026465
0.000703026465
0.000703026465
0.000703026465
0.000703026465
0.000703026465
0.000703026465
0.000703026465
0.000703026465
0.000703026465
0.000703026465
0.000703026465
0.000703026465
0.000703026465
0.00068501166
0.00068501166
0.00068501166
0.00068501166
0.00068501166
0.00068501166
0.00068501166
0.00068501166
0.00068501166
0.00068501166
0.00068501166
0.00068501166
0.00068501166
0.00068501166
0.00068501166
0.00068501166
0.00068501166
0.00068501166
0.00068501166
0.00068501166
0.00068501166
0.00068501166
0.00068501166
0.00068501166
0.000667458479
0.000667458479
0.000667458479
0.000667458479
0.000667458479
0.000667458479
0.000667458479
0.000667458479
0.000667458479
0.000667458479
0.000667458479
0.000667458479
0.000667458479
0.000667458479
0.000667458479
0.000667458479
0.000667458479
0.000667458479
0.000667458479
0.000667458479
0.000667458479
0.000667458479
0.000667458479
0.000667458479
0.000650355091
0.000650355091
0.000650355091
0.000650355091
0.000650355091
0.000650355091
0.000650355091
0.000650355091
0.000650355091
0.000650355091
0.000650355091
0.000650355091
0.000650355091
0.000650355091
0.000650355091
0.000650355091
0.000650355091
0.000650355091
0.000650355091
0.000650355091
0.000650355091
0.000650355091
0.000650355091
0.000650355091
0.000633689972
0.000633689972
0.000633689972
0.000633689972
0.000633689972
0.000633689972
0.000633689972
0.000633689972
0.000633689972
0.000633689972
0.000633689972
0.000633689972
0.000633689972
0.000633689972
0.000633689972
0.000633689972
0.000633689972
0.000633689972
0.000633689972
0.000633689972
0.000633689972
0.000633689972
0.000633689972
0.000633689972
0.000617451891
0.000617451891
0.000617451891
0.000617451891
0.000617451891
0.000617451891
0.000617451891
0.000617451891
0.000617451891
0.000617451891
0.000617451891
0.000617451891
0.000617451891
0.000617451891
0.000617451891
0.000617451891
0.000617451891
0.000617451891
0.000617451891
0.000617451891
0.000617451891
0.000617451891
0.000617451891
0.000617451891
0.000601629905
0.000601629905
0.000601629905
0.000601629905
0.000601629905
0.000601629905
0.000601629905
0.000601629905
0.000601629905
0.000601629905
0.000601629905
0.000601629905
0.000601629905
0.000601629905
0.000601629905
0.000601629905
0.000601629905
0.000601629905
0.000601629905
0.000601629905
0.000601629905
0.000601629905
0.000601629905
0.000601629905
0.000586213352
0.000586213352
0.000586213352
0.000586213352
0.000586213352
0.000586213352
0.000586213352
0.000586213352
0.000586213352
0.000586213352
0.000586213352
0.000586213352
0.000586213352
0.000586213352
0.000586213352
0.000586213352
0.000586213352
0.000586213352
0.000586213352
0.000586213352
0.000586213352
0.000586213352
0.000586213352
0.000586213352
0.000571191842
0.000571191842
0.000571191842
0.000571191842
0.000571191842
0.000571191842
0.000571191842
0.000571191842
0.000571191842
0.000571191842
0.000571191842
0.000571191842
0.000571191842
0.000571191842
0.000571191842
0.000571191842
0.000571191842
0.000571191842
0.000571191842
0.000571191842
0.000571191842
0.000571191842
0.000571191842
0.000571191842
0.000556555252
0.000556555252
0.000556555252
0.000556555252
0.000556555252
0.000556555252
0.000556555252
0.000556555252
0.000556555252
0.000556555252
0.000556555252
0.000556555252
0.000556555252
0.000556555252
0.000556555252
0.000556555252
0.000556555252
0.000556555252
0.000556555252
0.000556555252
0.000556555252
0.000556555252
0.000556555252
0.000556555252
0.000542293722
0.000542293722
0.000542293722
0.000542293722
0.000542293722
0.000542293722
0.000542293722
0.000542293722
0.000542293722
0.000542293722
0.000542293722
0.000542293722
0.000542293722
0.000542293722
0.000542293722
0.000542293722
0.000542293722
0.000542293722
0.000542293722
0.000542293722
0.000542293722
0.000542293722
0.000542293722
0.000542293722
0.000528397637
0.000528397637
0.000528397637
0.000528397637
0.000528397637
0.000528397637
0.000528397637
0.000528397637
0.000528397637
0.000528397637
0.000528397637
0.000528397637
0.000528397637
0.000528397637
0.000528397637
0.000528397637
0.000528397637
0.000528397637
0.000528397637
0.000528397637
0.000528397637
0.000528397637
0.000528397637
0.000528397637
0.000514857634
0.000514857634
0.000514857634
0.000514857634
0.000514857634
0.000514857634
0.000514857634
0.000514857634
0.000514857634
0.000514857634
0.000514857634
0.000514857634
0.000514857634
0.000514857634
0.000514857634
0.000514857634
0.000514857634
0.000514857634
0.000514857634
0.000514857634
0.000514857634
0.000514857634
0.000514857634
0.000514857634
0.00050166459
0.00050166459
0.00050166459
0.00050166459
0.00050166459
0.00050166459
0.00050166459
0.00050166459
0.00050166459
0.00050166459
0.00050166459
0.00050166459
0.00050166459
0.00050166459
0.00050166459
0.00050166459
0.00050166459
0.00050166459
0.00050166459
0.00050166459
0.00050166459
0.00050166459
0.00050166459
0.00050166459
0.000488809612
0.000488809612
0.000488809612
0.000488809612
0.000488809612
0.000488809612
0.000488809612
0.000488809612
0.000488809612
0.000488809612
0.000488809612
0.000488809612
0.000488809612
0.000488809612
0.000488809612
0.000488809612
0.000488809612
0.000488809612
0.000488809612
0.000488809612
0.000488809612
0.000488809612
0.000488809612
0.000488809612
0.000476284038
0.000476284038
0.000476284038
0.000476284038
0.000476284038
0.000476284038
0.000476284038
0.000476284038
0.000476284038
0.000476284038
0.000476284038
0.000476284038
0.000476284038
0.000476284038
0.000476284038
0.000476284038
0.000476284038
0.000476284038
0.000476284038
0.000476284038
0.000476284038
0.000476284038
0.000476284038
0.000476284038
0.000464079429
0.000464079429
0.000464079429
0.000464079429
0.000464079429
0.000464079429
0.000464079429
0.000464079429
0.000464079429
0.000464079429
0.000464079429
0.000464079429
0.000464079429
0.000464079429
0.000464079429
0.000464079429
0.000464079429
0.000464079429
0.000464079429
0.000464079429
0.000464079429
0.000464079429
0.000464079429
0.000464079429
0.000452187558
0.000452187558
0.000452187558
0.000452187558
0.000452187558
0.000452187558
0.000452187558
0.000452187558
0.000452187558
0.000452187558
0.000452187558
0.000452187558
0.000452187558
0.000452187558
0.000452187558
0.000452187558
0.000452187558
0.000452187558
0.000452187558
0.000452187558
0.000452187558
0.000452187558
0.000452187558
0.000452187558
0.000440600411
0.000440600411
0.000440600411
0.000440600411
0.000440600411
0.000440600411
0.000440600411
0.000440600411
0.000440600411
0.000440600411
0.000440600411
0.000440600411
0.000440600411
0.000440600411
0.000440600411
0.000440600411
0.000440600411
0.000440600411
0.000440600411
0.000440600411
0.000440600411
0.000440600411
0.000440600411
0.000440600411
0.000429310182
0.000429310182
0.000429310182
0.000429310182
0.000429310182
0.000429310182
0.000429310182
0.000429310182
0.000429310182
0.000429310182
0.000429310182
0.000429310182
0.000429310182
0.000429310182
0.000429310182
0.000429310182
0.000429310182
0.000429310182
0.000429310182
0.000429310182
0.000429310182
0.000429310182
0.000429310182
0.000429310182
0.00041830926
0.00041830926
0.00041830926
0.00041830926
0.00041830926
0.00041830926
0.00041830926
0.00041830926
0.00041830926
0.00041830926
0.00041830926
0.00041830926
0.00041830926
0.00041830926
0.00041830926
0.00041830926
0.00041830926
0.00041830926
0.00041830926
0.00041830926
0.00041830926
0.00041830926
0.00041830926
0.00041830926
0.000407590234
0.000407590234
0.000407590234
0.000407590234
0.000407590234
0.000407590234
0.000407590234
0.000407590234
0.000407590234
0.000407590234
0.000407590234
0.000407590234
0.000407590234
0.000407590234
0.000407590234
0.000407590234
0.000407590234
0.000407590234
0.000407590234
0.000407590234
0.000407590234
0.000407590234
0.000407590234
0.000407590234
0.000397145878
0.000397145878
0.000397145878
0.000397145878
0.000397145878
0.000397145878
0.000397145878
0.000397145878
0.000397145878
0.000397145878
0.000397145878
0.000397145878
0.000397145878
0.000397145878
0.000397145878
0.000397145878
0.000397145878
0.000397145878
0.000397145878
0.000397145878
0.000397145878
0.000397145878
0.000397145878
0.000397145878
0.000386969155
0.000386969155
0.000386969155
0.000386969155
0.000386969155
0.000386969155
0.000386969155
0.000386969155
0.000386969155
0.000386969155
0.000386969155
0.000386969155
0.000386969155
0.000386969155
0.000386969155
0.000386969155
0.000386969155
0.000386969155
0.000386969155
0.000386969155
0.000386969155
0.000386969155
0.000386969155
0.000386969155
0.000377053208
0.000377053208
0.000377053208
0.000377053208
0.000377053208
0.000377053208
0.000377053208
0.000377053208
0.000377053208
0.000377053208
0.000377053208
0.000377053208
0.000377053208
0.000377053208
0.000377053208
0.000377053208
0.000377053208
0.000377053208
0.000377053208
0.000377053208
0.000377053208
0.000377053208
0.000377053208
0.000377053208
0.000367391353
0.000367391353
0.000367391353
0.000367391353
0.000367391353
0.000367391353
0.000367391353
0.000367391353
0.000367391353
0.000367391353
0.000367391353
0.000367391353
0.000367391353
0.000367391353
0.000367391353
0.000367391353
0.000367391353
0.000367391353
0.000367391353
0.000367391353
0.000367391353
0.000367391353
0.000367391353
0.000367391353
0.000357977079
0.000357977079
0.000357977079
0.000357977079
0.000357977079
0.000357977079
0.000357977079
0.000357977079
0.000357977079
0.000357977079
0.000357977079
0.000357977079
0.000357977079
0.000357977079
0.000357977079
0.000357977079
0.000357977079
0.000357977079
0.000357977079
0.000357977079
0.000357977079
0.000357977079
0.000357977079
0.000357977079
0.000348804043
0.000348804043
0.000348804043
0.000348804043
0.000348804043
0.000348804043
0.000348804043
0.000348804043
0.000348804043
0.000348804043
0.000348804043
0.000348804043
0.000348804043
0.000348804043
0.000348804043
0.000348804043
0.000348804043
0.000348804043
0.000348804043
0.000348804043
0.000348804043
0.000348804043
0.000348804043
0.000348804043
0.000339866064
0.000339866064
0.000339866064
0.000339866064
0.000339866064
0.000339866064
0.000339866064
0.000339866064
0.000339866064
0.000339866064
0.000339866064
0.000339866064
0.000339866064
0.000339866064
0.000339866064
0.000339866064
0.000339866064
0.000339866064
0.000339866064
0.000339866064
0.000339866064
0.000339866064
0.000339866064
0.000339866064
0.000331157115
0.000331157115
0.000331157115
0.000331157115
0.000331157115
0.000331157115
0.000331157115
0.000331157115
0.000331157115
0.000331157115
0.000331157115
0.000331157115
0.000331157115
0.000331157115
0.000331157115
0.000331157115
0.000331157115
0.000331157115
0.000331157115
0.000331157115
0.000331157115
0.000331157115
0.000331157115
0.000331157115
0.000322671332
0.000322671332
0.000322671332
0.000322671332
0.000322671332
0.000322671332
0.000322671332
0.000322671332
0.000322671332
0.000322671332
0.000322671332
0.000322671332
0.000322671332
0.000322671332
0.000322671332
0.000322671332
0.000322671332
0.000322671332
0.000322671332
0.000322671332
0.000322671332
0.000322671332
0.000322671332
0.000322671332
0.000314402993
0.000314402993
0.000314402993
0.000314402993
0.000314402993
0.000314402993
0.000314402993
0.000314402993
0.000314402993
0.000314402993
0.000314402993
0.000314402993
0.000314402993
0.000314402993
0.000314402993
0.000314402993
0.000314402993
0.000314402993
0.000314402993
0.000314402993
0.000314402993
0.000314402993
0.000314402993
0.000314402993
0.000306346527
0.000306346527
0.000306346527
0.000306346527
0.000306346527
0.000306346527
0.000306346527
0.000306346527
0.000306346527
0.000306346527
0.000306346527
0.000306346527
0.000306346527
0.000306346527
0.000306346527
0.000306346527
0.000306346527
0.000306346527
0.000306346527
0.000306346527
0.000306346527
0.000306346527
0.000306346527
0.000306346527
0.000298496506
0.000298496506
0.000298496506
0.000298496506
0.000298496506
0.000298496506
0.000298496506
0.000298496506
0.000298496506
0.000298496506
0.000298496506
0.000298496506
0.000298496506
0.000298496506
0.000298496506
0.000298496506
0.000298496506
0.000298496506
0.000298496506
0.000298496506
0.000298496506
0.000298496506
0.000298496506
0.000298496506
0.000290847639
0.000290847639
0.000290847639
0.000290847639
0.000290847639
0.000290847639
0.000290847639
0.000290847639
0.000290847639
0.000290847639
0.000290847639
0.000290847639
0.000290847639
0.000290847639
0.000290847639
0.000290847639
0.000290847639
0.000290847639
0.000290847639
0.000290847639
0.000290847639
0.000290847639
0.000290847639
0.000290847639
0.000283394771
0.000283394771
0.000283394771
0.000283394771
0.000283394771
0.000283394771
0.000283394771
0.000283394771
0.000283394771
0.000283394771
0.000283394771
0.000283394771
0.000283394771
0.000283394771
0.000283394771
0.000283394771
0.000283394771
0.000283394771
0.000283394771
0.000283394771
0.000283394771
0.000283394771
0.000283394771
0.000283394771
0.00027613288
0.00027613288
0.00027613288
0.00027613288
0.00027613288
0.00027613288
0.00027613288
0.00027613288
0.00027613288
0.00027613288
0.00027613288
0.00027613288
0.00027613288
0.00027613288
0.00027613288
0.00027613288
0.00027613288
0.00027613288
0.00027613288
0.00027613288
0.00027613288
0.00027613288
0.00027613288
0.00027613288
0.000269057073
0.000269057073
0.000269057073
0.000269057073
0.000269057073
0.000269057073
0.000269057073
0.000269057073
0.000269057073
0.000269057073
0.000269057073
0.000269057073
0.000269057073
0.000269057073
0.000269057073
0.000269057073
0.000269057073
0.000269057073
0.000269057073
0.000269057073
0.000269057073
0.000269057073
0.000269057073
0.000269057073
0.000262162581
0.000262162581
0.000262162581
0.000262162581
0.000262162581
0.000262162581
0.000262162581
0.000262162581
0.000262162581
0.000262162581
0.000262162581
0.000262162581
0.000262162581
0.000262162581
0.000262162581
0.000262162581
0.000262162581
0.000262162581
0.000262162581
0.000262162581
0.000262162581
0.000262162581
0.000262162581
0.000262162581
0.000255444757
0.000255444757
0.000255444757
0.000255444757
0.000255444757
0.000255444757
0.000255444757
0.000255444757
0.000255444757
0.000255444757
0.000255444757
0.000255444757
0.000255444757
0.000255444757
0.000255444757
0.000255444757
0.000255444757
0.000255444757
0.000255444757
0.000255444757
0.000255444757
0.000255444757
0.000255444757
0.000255444757
0.000248899076
0.000248899076
0.000248899076
0.000248899076
0.000248899076
0.000248899076
0.000248899076
0.000248899076
0.000248899076
0.000248899076
0.000248899076
0.000248899076
0.000248899076
0.000248899076
0.000248899076
0.000248899076
0.000248899076
0.000248899076
0.000248899076
0.000248899076
0.000248899076
0.000248899076
0.000248899076
0.000248899076
0.000242521125
0.000242521125
0.000242521125
0.000242521125
0.000242521125
0.000242521125
0.000242521125
0.000242521125
0.000242521125
0.000242521125
0.000242521125
0.000242521125
0.000242521125
0.000242521125
0.000242521125
0.000242521125
0.000242521125
0.000242521125
0.000242521125
0.000242521125
0.000242521125
0.000242521125
0.000242521125
0.000242521125
0.000223636886
0.000223636886
0.000223636886
0.000223636886
0.000223636886
0.000223636886
0.000223636886
0.000223636886
0.000223636886
0.000223636886
0.000223636886
0.000223636886
0.000223636886
0.000223636886
0.000223636886
0.000218354975
0.000218354975
0.000218354975
0.000218354975
0.000218354975
0.000218354975
0.000218354975
0.000218354975
0.000218354975
0.000218354975
0.000218354975
0.000218354975
0.000218354975
0.000218354975
0.000218354975
0.000213197813
0.000213197813
0.000213197813
0.000213197813
0.000213197813
0.000213197813
0.000213197813
0.000213197813
0.000213197813
0.000213197813
0.000213197813
0.000213197813
0.000213197813
0.000213197813
0.000213197813
0.000208162455
0.000208162455
0.000208162455
0.000208162455
0.000208162455
0.000208162455
0.000208162455
0.000208162455
0.000208162455
0.000208162455
0.000208162455
0.000208162455
0.000208162455
0.000208162455
0.000208162455
0.000203246024
0.000203246024
0.000203246024
0.000203246024
0.000203246024
0.000203246024
0.000203246024
0.000203246024
0.000203246024
0.000203246024
0.000203246024
0.000203246024
0.000203246024
0.000203246024
0.000203246024
0.000198445709
0.000198445709
0.000198445709
0.000198445709
0.000198445709
0.000198445709
0.000198445709
0.000198445709
0.000198445709
0.000198445709
0.000198445709
0.000198445709
0.000198445709
0.000198445709
0.000198445709
0.000193758769
0.000193758769
0.000193758769
0.000193758769
0.000193758769
0.000193758769
0.000193758769
0.000193758769
0.000193758769
0.000193758769
0.000193758769
0.000193758769
0.000193758769
0.000193758769
0.000193758769
0.000189182528
0.000189182528
0.000189182528
0.000189182528
0.000189182528
0.000189182528
0.000189182528
0.000189182528
0.000189182528
0.000189182528
0.000189182528
0.000189182528
0.000189182528
0.000189182528
0.000189182528
0.000184714368
0.000184714368
0.000184714368
0.000184714368
0.000184714368
0.000184714368
0.000184714368
0.000184714368
0.000184714368
0.000184714368
0.000184714368
0.000184714368
0.000184714368
0.000184714368
0.000184714368
0.000180351738
0.000180351738
0.000180351738
0.000180351738
0.000180351738
0.000180351738
0.000180351738
0.000180351738
0.000180351738
0.000180351738
0.000180351738
0.000180351738
0.000180351738
0.000180351738
0.000180351738
0.000176092147
0.000176092147
0.000176092147
0.000176092147
0.000176092147
0.000176092147
0.000176092147
0.000176092147
0.000176092147
0.000176092147
0.000176092147
0.000176092147
0.000176092147
0.000176092147
0.000176092147
0.00017193316
0.00017193316
0.00017193316
0.00017193316
0.00017193316
0.00017193316
0.00017193316
0.00017193316
0.00017193316
0.00017193316
0.00017193316
0.00017193316
0.00017193316
0.00017193316
0.00017193316
0.0001678724
0.0001678724
0.0001678724
0.0001678724
0.0001678724
0.0001678724
0.0001678724
0.0001678724
0.0001678724
0.0001678724
0.0001678724
0.0001678724
0.0001678724
0.0001678724
0.0001678724
0.000163907549
0.000163907549
0.000163907549
0.000163907549
0.000163907549
0.000163907549
0.000163907549
0.000163907549
0.000163907549
0.000163907549
0.000163907549
0.000163907549
0.000163907549
0.000163907549
0.000163907549
0.00016003634
0.00016003634
0.00016003634
0.00016003634
0.00016003634
0.00016003634
0.00016003634
0.00016003634
0.00016003634
0.00016003634
0.00016003634
0.00016003634
0.00016003634
0.00016003634
0.00016003634
0.000156256562
0.000156256562
0.000156256562
0.000156256562
0.000156256562
0.000156256562
0.000156256562
0.000156256562
0.000156256562
0.000156256562
0.000156256562
0.000156256562
0.000156256562
0.000156256562
0.000156256562
0.000152566057
0.000152566057
0.000152566057
0.000152566057
0.000152566057
0.000152566057
0.000152566057
0.000152566057
0.000152566057
0.000152566057
0.000152566057
0.000152566057
0.000152566057
0.000152566057
0.000152566057
0.000148962714
0.000148962714
0.000148962714
0.000148962714
0.000148962714
0.000148962714
0.000148962714
0.000148962714
0.000148962714
0.000148962714
0.000148962714
0.000148962714
0.000148962714
0.000148962714
0.000148962714
0.000145444476
0.000145444476
0.000145444476
0.000145444476
0.000145444476
0.000145444476
0.000145444476
0.000145444476
0.000145444476
0.000145444476
0.000145444476
0.000145444476
0.000145444476
0.000145444476
0.000145444476
0.000142009332
0.000142009332
0.000142009332
0.000142009332
0.000142009332
0.000142009332
0.000142009332
0.000142009332
0.000142009332
0.000142009332
0.000142009332
0.000142009332
0.000142009332
0.000142009332
0.000142009332
0.000138655322
0.000138655322
0.000138655322
0.000138655322
0.000138655322
0.000138655322
0.000138655322
0.000138655322
0.000138655322
0.000138655322
0.000138655322
0.000138655322
0.000138655322
0.000138655322
0.000138655322
0.000135380526
0.000135380526
0.000135380526
0.000135380526
0.000135380526
0.000135380526
0.000135380526
0.000135380526
0.000135380526
0.000135380526
0.000135380526
0.000135380526
0.000135380526
0.000135380526
0.000135380526
0.000132183076
0.000132183076
0.000132183076
0.000132183076
0.000132183076
0.000132183076
0.000132183076
0.000132183076
0.000132183076
0.000132183076
0.000132183076
0.000132183076
0.000132183076
0.000132183076
0.000132183076
0.000129061143
0.000129061143
0.000129061143
0.000129061143
0.000129061143
0.000129061143
0.000129061143
0.000129061143
0.000129061143
0.000129061143
0.000129061143
0.000129061143
0.000129061143
0.000129061143
0.000129061143
0.000126012946
0.000126012946
0.000126012946
0.000126012946
0.000126012946
0.000126012946
0.000126012946
0.000126012946
0.000126012946
0.000126012946
0.000126012946
0.000126012946
0.000126012946
0.000126012946
0.000126012946
0.000123036741
0.000123036741
0.000123036741
0.000123036741
0.000123036741
0.000123036741
0.000123036741
0.000123036741
0.000123036741
0.000123036741
0.000123036741
0.000123036741
0.000123036741
0.000123036741
0.000123036741
0.000120130829
0.000120130829
0.000120130829
0.000120130829
0.000120130829
0.000120130829
0.000120130829
0.000120130829
0.000120130829
0.000120130829
0.000120130829
0.000120130829
0.000120130829
0.000120130829
0.000120130829
0.000117293549
0.000117293549
0.000117293549
0.000117293549
0.000117293549
0.000117293549
0.000117293549
0.000117293549
0.000117293549
0.000117293549
0.000117293549
0.000117293549
0.000117293549
0.000117293549
0.000117293549
0.000114523282
0.000114523282
0.000114523282
0.000114523282
0.000114523282
0.000114523282
0.000114523282
0.000114523282
0.000114523282
0.000114523282
0.000114523282
0.000114523282
0.000114523282
0.000114523282
0.000114523282
0.000111818443
0.000111818443
0.000111818443
0.000111818443
0.000111818443
0.000111818443
0.000111818443
0.000111818443
0.000111818443
0.000111818443
0.000111818443
0.000111818443
0.000111818443
0.000111818443
0.000111818443
0.000112450386
0.000110486249
0.000108646547
0.000106923397
0.000105309414
0.000103797683
0.000102381725
0.000101055473
9.9813244e-05
9.8649714e-05
9.7559898e-05
9.6539126e-05
9.5583023e-05
9.4687493e-05
9.3848698e-05
0.000114414522
0.000112591197
0.000110883386
0.000109283772
0.000107785498
0.000106382145
0.000105067699
0.000103836528
0.000102683357
0.000101603242
0.000100591557
9.9643965e-05
9.8756407e-05
9.7925078e-05
9.7146418e-05
0.000116113413
0.000114435453
0.000112863796
0.000111391711
0.000110012887
0.000108721418
0.000107511766
0.00010637875
0.000105317516
0.000104323513
0.000103392485
0.00010252044
0.000101703642
0.000100938591
0.000100222009
0.000117559306
0.000116030169
0.000114597906
0.000113256384
0.00011199985
0.000110822923
0.000109720559
0.000108688032
0.00010772092
0.000106815078
0.000105966624
0.000105171924
0.000104427569
0.000103730373
0.000103077346
0.000118764777
0.000117386817
0.000116096156
0.000114887263
0.000113754957
0.000112694386
0.000111701008
0.000110770563
0.000109899064
0.000109082778
0.000108318207
0.000107602074
0.000106931311
0.000106303042
0.000105714577
0.000119742698
0.00011851717
0.000117369283
0.00011629412
0.000115287072
0.000114343822
0.000113460332
0.000112632815
0.000111857723
0.000111131735
0.000110451742
0.000109814828
0.000109218266
0.000108659498
0.00010813613
0.000120506232
0.000119433285
0.000118428312
0.000117487008
0.000116605339
0.000115779527
0.000115006032
0.000114281542
0.00011360295
0.00011296735
0.000112372017
0.0001118144
0.000111292111
0.000110802909
0.000110344702
0.000121068813
0.00012014749
0.000119284535
0.000118476252
0.000117719176
0.000117010064
0.000116345875
0.000115723767
0.00011514107
0.00011459529
0.000114084087
0.000113605269
0.000113156788
0.000112736718
0.000112343263
0.00012144413
0.00012067237
0.000119949503
0.000119272432
0.000118638257
0.000118044259
0.000117487892
0.000116966774
0.000116478669
0.000116021488
0.000115593272
0.000115192184
0.000114816506
0.000114464628
0.000114135044
0.000121646105
0.000121020747
0.000120435007
0.000119886375
0.000119372502
0.000118891185
0.00011844036
0.000118018097
0.000117622586
0.000117252131
0.000116905146
0.000116580145
0.000116275733
0.000115990606
0.000115723543
0.000121688882
0.000121205667
0.000120753065
0.000120329137
0.000119932066
0.000119560151
0.000119211799
0.000118885515
0.000118579903
0.000118293652
0.000118025536
0.000117774407
0.000117539188
0.00011731887
0.00011711251
0.000121586807
0.000121240384
0.000120915908
0.000120611988
0.000120327324
0.000120060693
0.000119810955
0.000119577038
0.000119357942
0.000119152725
0.000118960509
0.000118780471
0.000118611839
0.000118453891
0.000118305949
0.000121354405
0.000121138339
0.000120935961
0.000120746404
0.000120568857
0.000120402558
0.000120246795
0.000120100899
0.000119964246
0.000119836252
0.000119716366
0.000119604075
0.000119498898
0.000119400384
0.000119308112
0.000121006371
0.000120913149
0.000120825832
0.000120744047
0.000120667443
0.000120595693
0.000120528488
0.000120465542
0.000120406582
0.000120351358
0.000120299633
0.000120251185
0.000120205806
0.000120163302
0.000120123491
0.000120557541
0.000120578583
0.000120598291
0.00012061675
0.00012063404
0.000120650235
0.000120665403
0.000120679611
0.000120692918
0.000120705383
0.000120717058
0.000120727993
0.000120738235
0.000120747828
0.000120756815
0.000120022884
0.000120148552
0.000120266259
0.000120376507
0.000120479772
0.000120576495
0.000120667089
0.000120751945
0.000120831423
0.000120905867
0.000120975595
0.000121040906
0.000121102079
0.000121159375
0.000121213043
0.000119417471
0.000119637085
0.000119842786
0.000120035453
0.000120215915
0.000120384945
0.000120543265
0.000120691556
0.000120830452
0.000120960548
0.000121082402
0.000121196536
0.000121303439
0.00012140357
0.000121497357
0.000118756469
0.000119058316
0.00011934104
0.000119605852
0.000119853887
0.000120086209
0.000120303812
0.000120507628
0.000120698533
0.000120877343
0.000121044825
0.000121201697
0.000121348629
0.000121486254
0.000121615159
0.00011805511
0.000118426462
0.000118774287
0.000119100076
0.000119405225
0.000119691043
0.000119958753
0.000120209502
0.000120444365
0.000120664349
0.000120870396
0.00012106339
0.000121244157
0.000121413471
0.000121572059
0.000117328679
0.000117755808
0.000118155876
0.000118530599
0.00011888158
0.000119210327
0.000119518247
0.000119806658
0.000120076798
0.000120329823
0.000120566819
0.000120788799
0.000120996717
0.000121191462
0.00012137387
0.000116592494
0.000117060688
0.00011749922
0.00011790997
0.000118294697
0.00011865505
0.000118992574
0.000119308714
0.000119604826
0.000119882177
0.000120141958
0.000120385281
0.000120613189
0.000120826657
0.000121026602
0.000115861883
0.000116355467
0.000116817781
0.000117250805
0.000117656396
0.000118036292
0.000118392119
0.000118725404
0.000119037575
0.000119329968
0.000119603836
0.000119860354
0.000120100621
0.000120325667
0.000120536455
0.000115152169
0.000115654524
0.000116125053
0.000116565772
0.00011697857
0.000117365216
0.000117727367
0.000118066573
0.000118384291
0.00011868188
0.000118960615
0.000119221692
0.000119466228
0.000119695271
0.000119909806
0.000114478646
0.00011497223
0.000115434542
0.000115867566
0.000116273156
0.00011665305
0.000117008878
0.000117342161
0.00011765433
0.000117946722
0.00011822059
0.000118477108
0.000118717375
0.000118942419
0.000119153207
0.000113856566
0.000114322934
0.000114759754
0.000115168901
0.000115552128
0.000115911074
0.000116247281
0.000116562188
0.000116857145
0.000117133415
0.000117392182
0.000117634555
0.000117861573
0.000118074209
0.000118273374
0.000113301112
0.000113720942
0.000114114174
0.000114482493
0.000114827478
0.000115150607
0.000115453264
0.000115736747
0.000116002271
0.000116250972
0.000116483918
0.000116702106
0.00011690647
0.000117097888
0.000117277179
0.000112827387
0.000113180504
0.000113511249
0.000113821041
0.000114111206
0.000114382989
0.000114637553
0.000114875989
0.00011509932
0.000115308502
0.000115504431
0.000115687948
0.000115859838
0.000116020838
0.000116171639
0.000116723061
0.000116723061
0.000116723061
0.000116723061
0.000116723061
0.000116723061
0.000116723061
0.000116723061
0.000116723061
0.000116723061
0.000116723061
0.000116723061
0.000116723061
0.000116723061
0.000116723061
0.000117503604
0.000117503604
0.000117503604
0.000117503604
0.000117503604
0.000117503604
0.000117503604
0.000117503604
0.000117503604
0.000117503604
0.000117503604
0.000117503604
0.000117503604
0.000117503604
0.000117503604
0.000118289367
0.000118289367
0.000118289367
0.000118289367
0.000118289367
0.000118289367
0.000118289367
0.000118289367
0.000118289367
0.000118289367
0.000118289367
0.000118289367
0.000118289367
0.000118289367
0.000118289367
0.000119080384
0.000119080384
0.000119080384
0.000119080384
0.000119080384
0.000119080384
0.000119080384
0.000119080384
0.000119080384
0.000119080384
0.000119080384
0.000119080384
0.000119080384
0.000119080384
0.000119080384
0.000119876691
0.000119876691
0.000119876691
0.000119876691
0.000119876691
0.000119876691
0.000119876691
0.000119876691
0.000119876691
0.000119876691
0.000119876691
0.000119876691
0.000119876691
0.000119876691
0.000119876691
0.000120678323
0.000120678323
0.000120678323
0.000120678323
0.000120678323
0.000120678323
0.000120678323
0.000120678323
0.000120678323
0.000120678323
0.000120678323
0.000120678323
0.000120678323
0.000120678323
0.000120678323
0.000121485314
0.000121485314
0.000121485314
0.000121485314
0.000121485314
0.000121485314
0.000121485314
0.000121485314
0.000121485314
0.000121485314
0.000121485314
0.000121485314
0.000121485314
0.000121485314
0.000121485314
0.000122297704
0.000122297704
0.000122297704
0.000122297704
0.000122297704
0.000122297704
0.000122297704
0.000122297704
0.000122297704
0.000122297704
0.000122297704
0.000122297704
0.000122297704
0.000122297704
0.000122297704
0.000123115526
0.000123115526
0.000123115526
0.000123115526
0.000123115526
0.000123115526
0.000123115526
0.000123115526
0.000123115526
0.000123115526
0.000123115526
0.000123115526
0.000123115526
0.000123115526
0.000123115526
0.000123938815
0.000123938815
0.000123938815
0.000123938815
0.000123938815
0.000123938815
0.000123938815
0.000123938815
0.000123938815
0.000123938815
0.000123938815
0.000123938815
0.000123938815
0.000123938815
0.000123938815
0.000124767612
0.000124767612
0.000124767612
0.000124767612
0.000124767612
0.000124767612
0.000124767612
0.000124767612
0.000124767612
0.000124767612
0.000124767612
0.000124767612
0.000124767612
0.000124767612
0.000124767612
0.000125601949
0.000125601949
0.000125601949
0.000125601949
0.000125601949
0.000125601949
0.000125601949
0.000125601949
0.000125601949
0.000125601949
0.000125601949
0.000125601949
0.000125601949
0.000125601949
0.000125601949
0.000126441867
0.000126441867
0.000126441867
0.000126441867
0.000126441867
0.000126441867
0.000126441867
0.000126441867
0.000126441867
0.000126441867
0.000126441867
0.000126441867
0.000126441867
0.000126441867
0.000126441867
0.000127287401
0.000127287401
0.000127287401
0.000127287401
0.000127287401
0.000127287401
0.000127287401
0.000127287401
0.000127287401
0.000127287401
0.000127287401
0.000127287401
0.000127287401
0.000127287401
0.000127287401
0.000128138589
0.000128138589
0.000128138589
0.000128138589
0.000128138589
0.000128138589
0.000128138589
0.000128138589
0.000128138589
0.000128138589
0.000128138589
0.000128138589
0.000128138589
0.000128138589
0.000128138589
0.000128995469
0.000128995469
0.000128995469
0.000128995469
0.000128995469
0.000128995469
0.000128995469
0.000128995469
0.000128995469
0.000128995469
0.000128995469
0.000128995469
0.000128995469
0.000128995469
0.000128995469
0.000129858079
0.000129858079
0.000129858079
0.000129858079
0.000129858079
0.000129858079
0.000129858079
0.000129858079
0.000129858079
0.000129858079
0.000129858079
0.000129858079
0.000129858079
0.000129858079
0.000129858079
0.000130726459
0.000130726459
0.000130726459
0.000130726459
0.000130726459
0.000130726459
0.000130726459
0.000130726459
0.000130726459
0.000130726459
0.000130726459
0.000130726459
0.000130726459
0.000130726459
0.000130726459
0.000131600643
0.000131600643
0.000131600643
0.000131600643
0.000131600643
0.000131600643
0.000131600643
0.000131600643
0.000131600643
0.000131600643
0.000131600643
0.000131600643
0.000131600643
0.000131600643
0.000131600643
0.000132480676
0.000132480676
0.000132480676
0.000132480676
0.000132480676
0.000132480676
0.000132480676
0.000132480676
0.000132480676
0.000132480676
0.000132480676
0.000132480676
0.000132480676
0.000132480676
0.000132480676
0.000133366592
0.000133366592
0.000133366592
0.000133366592
0.000133366592
0.000133366592
0.000133366592
0.000133366592
0.000133366592
0.000133366592
0.000133366592
0.000133366592
0.000133366592
0.000133366592
0.000133366592
0.000134258432
0.000134258432
0.000134258432
0.000134258432
0.000134258432
0.000134258432
0.000134258432
0.000134258432
0.000134258432
0.000134258432
0.000134258432
0.000134258432
0.000134258432
0.000134258432
0.000134258432
0.000135156237
0.000135156237
0.000135156237
0.000135156237
0.000135156237
0.000135156237
0.000135156237
0.000135156237
0.000135156237
0.000135156237
0.000135156237
0.000135156237
0.000135156237
0.000135156237
0.000135156237
0.000136060045
0.000136060045
0.000136060045
0.000136060045
0.000136060045
0.000136060045
0.000136060045
0.000136060045
0.000136060045
0.000136060045
0.000136060045
0.000136060045
0.000136060045
0.000136060045
0.000136060045
0.000136969897
0.000136969897
0.000136969897
0.000136969897
0.000136969897
0.000136969897
0.000136969897
0.000136969897
0.000136969897
0.000136969897
0.000136969897
0.000136969897
0.000136969897
0.000136969897
0.000136969897
0.000137885833
0.000137885833
0.000137885833
0.000137885833
0.000137885833
0.000137885833
0.000137885833
0.000137885833
0.000137885833
0.000137885833
0.000137885833
0.000137885833
0.000137885833
0.000137885833
0.000137885833
0.000138807895
0.000138807895
0.000138807895
0.000138807895
0.000138807895
0.000138807895
0.000138807895
0.000138807895
0.000138807895
0.000138807895
0.000138807895
0.000138807895
0.000138807895
0.000138807895
0.000138807895
0.000139736122
0.000139736122
0.000139736122
0.000139736122
0.000139736122
0.000139736122
0.000139736122
0.000139736122
0.000139736122
0.000139736122
0.000139736122
0.000139736122
0.000139736122
0.000139736122
0.000139736122
0.000140670557
0.000140670557
0.000140670557
0.000140670557
0.000140670557
0.000140670557
0.000140670557
0.000140670557
0.000140670557
0.000140670557
0.000140670557
0.000140670557
0.000140670557
0.000140670557
0.000140670557
0.00014161124
0.00014161124
0.00014161124
0.00014161124
0.00014161124
0.00014161124
0.00014161124
0.00014161124
0.00014161124
0.00014161124
0.00014161124
0.00014161124
0.00014161124
0.00014161124
0.00014161124
0.000142558213
0.000142558213
0.000142558213
0.000142558213
0.000142558213
0.000142558213
0.000142558213
0.000142558213
0.000142558213
0.000142558213
0.000142558213
0.000142558213
0.000142558213
0.000142558213
0.000142558213
0.00014351152
0.00014351152
0.00014351152
0.00014351152
0.00014351152
0.00014351152
0.00014351152
0.00014351152
0.00014351152
0.00014351152
0.00014351152
0.00014351152
0.00014351152
0.00014351152
0.00014351152
0.000144471201
0.000144471201
0.000144471201
0.000144471201
0.000144471201
0.000144471201
0.000144471201
0.000144471201
0.000144471201
0.000144471201
0.000144471201
0.000144471201
0.000144471201
0.000144471201
0.000144471201
0.0001454373
0.0001454373
0.0001454373
0.0001454373
0.0001454373
0.0001454373
0.0001454373
0.0001454373
0.0001454373
0.0001454373
0.0001454373
0.0001454373
0.0001454373
0.0001454373
0.0001454373
0.000146409858
0.000146409858
0.000146409858
0.000146409858
0.000146409858
0.000146409858
0.000146409858
0.000146409858
0.000146409858
0.000146409858
0.000146409858
0.000146409858
0.000146409858
0.000146409858
0.000146409858
0.000147388921
0.000147388921
0.000147388921
0.000147388921
0.000147388921
0.000147388921
0.000147388921
0.000147388921
0.000147388921
0.000147388921
0.000147388921
0.000147388921
0.000147388921
0.000147388921
0.000147388921
0.000148374532
0.000148374532
0.000148374532
0.000148374532
0.000148374532
0.000148374532
0.000148374532
0.000148374532
0.000148374532
0.000148374532
0.000148374532
0.000148374532
0.000148374532
0.000148374532
0.000148374532
0.000149366732
0.000149366732
0.000149366732
0.000149366732
0.000149366732
0.000149366732
0.000149366732
0.000149366732
0.000149366732
0.000149366732
0.000149366732
0.000149366732
0.000149366732
0.000149366732
0.000149366732
0.000150365567
0.000150365567
0.000150365567
0.000150365567
0.000150365567
0.000150365567
0.000150365567
0.000150365567
0.000150365567
0.000150365567
0.000150365567
0.000150365567
0.000150365567
0.000150365567
0.000150365567
0.000151371083
0.000151371083
0.000151371083
0.000151371083
0.000151371083
0.000151371083
0.000151371083
0.000151371083
0.000151371083
0.000151371083
0.000151371083
0.000151371083
0.000151371083
0.000151371083
0.000151371083
0.000152383322
0.000152383322
0.000152383322
0.000152383322
0.000152383322
0.000152383322
0.000152383322
0.000152383322
0.000152383322
0.000152383322
0.000152383322
0.000152383322
0.000152383322
0.000152383322
0.000152383322
0.000153402329
0.000153402329
0.000153402329
0.000153402329
0.000153402329
0.000153402329
0.000153402329
0.000153402329
0.000153402329
0.000153402329
0.000153402329
0.000153402329
0.000153402329
0.000153402329
0.000153402329
0.000154428153
0.000154428153
0.000154428153
0.000154428153
0.000154428153
0.000154428153
0.000154428153
0.000154428153
0.000154428153
0.000154428153
0.000154428153
0.000154428153
0.000154428153
0.000154428153
0.000154428153
0.000155460834
0.000155460834
0.000155460834
0.000155460834
0.000155460834
0.000155460834
0.000155460834
0.000155460834
0.000155460834
0.000155460834
0.000155460834
0.000155460834
0.000155460834
0.000155460834
0.000155460834
0.000156500422
0.000156500422
0.000156500422
0.000156500422
0.000156500422
0.000156500422
0.000156500422
0.000156500422
0.000156500422
0.000156500422
0.000156500422
0.000156500422
0.000156500422
0.000156500422
0.000156500422
0.000157546962
0.000157546962
0.000157546962
0.000157546962
0.000157546962
0.000157546962
0.000157546962
0.000157546962
0.000157546962
0.000157546962
0.000157546962
0.000157546962
0.000157546962
0.000157546962
0.000157546962
0.000158600499
0.000158600499
0.000158600499
0.000158600499
0.000158600499
0.000158600499
0.000158600499
0.000158600499
0.000158600499
0.000158600499
0.000158600499
0.000158600499
0.000158600499
0.000158600499
0.000158600499
0.000159661083
0.000159661083
0.000159661083
0.000159661083
0.000159661083
0.000159661083
0.000159661083
0.000159661083
0.000159661083
0.000159661083
0.000159661083
0.000159661083
0.000159661083
0.000159661083
0.000159661083
0.000160728759
0.000160728759
0.000160728759
0.000160728759
0.000160728759
0.000160728759
0.000160728759
0.000160728759
0.000160728759
0.000160728759
0.000160728759
0.000160728759
0.000160728759
0.000160728759
0.000160728759
0.000161803573
0.000161803573
0.000161803573
0.000161803573
0.000161803573
0.000161803573
0.000161803573
0.000161803573
0.000161803573
0.000161803573
0.000161803573
0.000161803573
0.000161803573
0.000161803573
0.000161803573
0.000162885576
0.000162885576
0.000162885576
0.000162885576
0.000162885576
0.000162885576
0.000162885576
0.000162885576
0.000162885576
0.000162885576
0.000162885576
0.000162885576
0.000162885576
0.000162885576
0.000162885576
0.000163974815
0.000163974815
0.000163974815
0.000163974815
0.000163974815
0.000163974815
0.000163974815
0.000163974815
0.000163974815
0.000163974815
0.000163974815
0.000163974815
0.000163974815
0.000163974815
0.000163974815
0.000165071336
0.000165071336
0.000165071336
0.000165071336
0.000165071336
0.000165071336
0.000165071336
0.000165071336
0.000165071336
0.000165071336
0.000165071336
0.000165071336
0.000165071336
0.000165071336
0.000165071336
0.00016617519
0.00016617519
0.00016617519
0.00016617519
0.00016617519
0.00016617519
0.00016617519
0.00016617519
0.00016617519
0.00016617519
0.00016617519
0.00016617519
0.00016617519
0.00016617519
0.00016617519
0.000167286427
0.000167286427
0.000167286427
0.000167286427
0.000167286427
0.000167286427
0.000167286427
0.000167286427
0.000167286427
0.000167286427
0.000167286427
0.000167286427
0.000167286427
0.000167286427
0.000167286427
0.000168405094
0.000168405094
0.000168405094
0.000168405094
0.000168405094
0.000168405094
0.000168405094
0.000168405094
0.000168405094
0.000168405094
0.000168405094
0.000168405094
0.000168405094
0.000168405094
0.000168405094
0.000169531242
0.000169531242
0.000169531242
0.000169531242
0.000169531242
0.000169531242
0.000169531242
0.000169531242
0.000169531242
0.000169531242
0.000169531242
0.000169531242
0.000169531242
0.000169531242
0.000169531242
0.000170664921
0.000170664921
0.000170664921
0.000170664921
0.000170664921
0.000170664921
0.000170664921
0.000170664921
0.000170664921
0.000170664921
0.000170664921
0.000170664921
0.000170664921
0.000170664921
0.000170664921
0.00017180618
0.00017180618
0.00017180618
0.00017180618
0.00017180618
0.00017180618
0.00017180618
0.00017180618
0.00017180618
0.00017180618
0.00017180618
0.00017180618
0.00017180618
0.00017180618
0.00017180618
0.000172955071
0.000172955071
0.000172955071
0.000172955071
0.000172955071
0.000172955071
0.000172955071
0.000172955071
0.000172955071
0.000172955071
0.000172955071
0.000172955071
0.000172955071
0.000172955071
0.000172955071
0.000174111646
0.000174111646
0.000174111646
0.000174111646
0.000174111646
0.000174111646
0.000174111646
0.000174111646
0.000174111646
0.000174111646
0.000174111646
0.000174111646
0.000174111646
0.000174111646
0.000174111646
0.000175275954
0.000175275954
0.000175275954
0.000175275954
0.000175275954
0.000175275954
0.000175275954
0.000175275954
0.000175275954
0.000175275954
0.000175275954
0.000175275954
0.000175275954
0.000175275954
0.000175275954
0.000176448048
0.000176448048
0.000176448048
0.000176448048
0.000176448048
0.000176448048
0.000176448048
0.000176448048
0.000176448048
0.000176448048
0.000176448048
0.000176448048
0.000176448048
0.000176448048
0.000176448048
0.00017762798
0.00017762798
0.00017762798
0.00017762798
0.00017762798
0.00017762798
0.00017762798
0.00017762798
0.00017762798
0.00017762798
0.00017762798
0.00017762798
0.00017762798
0.00017762798
0.00017762798
0.000178815803
0.000178815803
0.000178815803
0.000178815803
0.000178815803
0.000178815803
0.000178815803
0.000178815803
0.000178815803
0.000178815803
0.000178815803
0.000178815803
0.000178815803
0.000178815803
0.000178815803
0.000180011568
0.000180011568
0.000180011568
0.000180011568
0.000180011568
0.000180011568
0.000180011568
0.000180011568
0.000180011568
0.000180011568
0.000180011568
0.000180011568
0.000180011568
0.000180011568
0.000180011568
0.000181215331
0.000181215331
0.000181215331
0.000181215331
0.000181215331
0.000181215331
0.000181215331
0.000181215331
0.000181215331
0.000181215331
0.000181215331
0.000181215331
0.000181215331
0.000181215331
0.000181215331
0.000182427142
0.000182427142
0.000182427142
0.000182427142
0.000182427142
0.000182427142
0.000182427142
0.000182427142
0.000182427142
0.000182427142
0.000182427142
0.000182427142
0.000182427142
0.000182427142
0.000182427142
0.000183647057
0.000183647057
0.000183647057
0.000183647057
0.000183647057
0.000183647057
0.000183647057
0.000183647057
0.000183647057
0.000183647057
0.000183647057
0.000183647057
0.000183647057
0.000183647057
0.000183647057
0.00018487513
0.00018487513
0.00018487513
0.00018487513
0.00018487513
0.00018487513
0.00018487513
0.00018487513
0.00018487513
0.00018487513
0.00018487513
0.00018487513
0.00018487513
0.00018487513
0.00018487513
0.000186111416
0.000186111416
0.000186111416
0.000186111416
0.000186111416
0.000186111416
0.000186111416
0.000186111416
0.000186111416
0.000186111416
0.000186111416
0.000186111416
0.000186111416
0.000186111416
0.000186111416
0.000187355968
0.000187355968
0.000187355968
0.000187355968
0.000187355968
0.000187355968
0.000187355968
0.000187355968
0.000187355968
0.000187355968
0.000187355968
0.000187355968
0.000187355968
0.000187355968
0.000187355968
0.000188608843
0.000188608843
0.000188608843
0.000188608843
0.000188608843
0.000188608843
0.000188608843
0.000188608843
0.000188608843
0.000188608843
0.000188608843
0.000188608843
0.000188608843
0.000188608843
0.000188608843
0.000189870095
0.000189870095
0.000189870095
0.000189870095
0.000189870095
0.000189870095
0.000189870095
0.000189870095
0.000189870095
0.000189870095
0.000189870095
0.000189870095
0.000189870095
0.000189870095
0.000189870095
0.000191139783
0.000191139783
0.000191139783
0.000191139783
0.000191139783
0.000191139783
0.000191139783
0.000191139783
0.000191139783
0.000191139783
0.000191139783
0.000191139783
0.000191139783
0.000191139783
0.000191139783
0.000192417961
0.000192417961
0.000192417961
0.000192417961
0.000192417961
0.000192417961
0.000192417961
0.000192417961
0.000192417961
0.000192417961
0.000192417961
0.000192417961
0.000192417961
0.000192417961
0.000192417961
0.000193704686
0.000193704686
0.000193704686
0.000193704686
0.000193704686
0.000193704686
0.000193704686
0.000193704686
0.000193704686
0.000193704686
0.000193704686
0.000193704686
0.000193704686
0.000193704686
0.000193704686
0.000195000016
0.000195000016
0.000195000016
0.000195000016
0.000195000016
0.000195000016
0.000195000016
0.000195000016
0.000195000016
0.000195000016
0.000195000016
0.000195000016
0.000195000016
0.000195000016
0.000195000016
0.000196304008
0.000196304008
0.000196304008
0.000196304008
0.000196304008
0.000196304008
0.000196304008
0.000196304008
0.000196304008
0.000196304008
0.000196304008
0.000196304008
0.000196304008
0.000196304008
0.000196304008
0.000197616719
0.000197616719
0.000197616719
0.000197616719
0.000197616719
0.000197616719
0.000197616719
0.000197616719
0.000197616719
0.000197616719
0.000197616719
0.000197616719
0.000197616719
0.000197616719
0.000197616719
0.000198938209
0.000198938209
0.000198938209
0.000198938209
0.000198938209
0.000198938209
0.000198938209
0.000198938209
0.000198938209
0.000198938209
0.000198938209
0.000198938209
0.000198938209
0.000198938209
0.000198938209
0.000200268536
0.000200268536
0.000200268536
0.000200268536
0.000200268536
0.000200268536
0.000200268536
0.000200268536
0.000200268536
0.000200268536
0.000200268536
0.000200268536
0.000200268536
0.000200268536
0.000200268536
0.000201607759
0.000201607759
0.000201607759
0.000201607759
0.000201607759
0.000201607759
0.000201607759
0.000201607759
0.000201607759
0.000201607759
0.000201607759
0.000201607759
0.000201607759
0.000201607759
0.000201607759
0.000202955938
0.000202955938
0.000202955938
0.000202955938
0.000202955938
0.000202955938
0.000202955938
0.000202955938
0.000202955938
0.000202955938
0.000202955938
0.000202955938
0.000202955938
0.000202955938
0.000202955938
0.000204313131
0.000204313131
0.000204313131
0.000204313131
0.000204313131
0.000204313131
0.000204313131
0.000204313131
0.000204313131
0.000204313131
0.000204313131
0.000204313131
0.000204313131
0.000204313131
0.000204313131
0.000205679402
0.000205679402
0.000205679402
0.000205679402
0.000205679402
0.000205679402
0.000205679402
0.000205679402
0.000205679402
0.000205679402
0.000205679402
0.000205679402
0.000205679402
0.000205679402
0.000205679402
0.000207054808
0.000207054808
0.000207054808
0.000207054808
0.000207054808
0.000207054808
0.000207054808
0.000207054808
0.000207054808
0.000207054808
0.000207054808
0.000207054808
0.000207054808
0.000207054808
0.000207054808
0.000208439411
0.000208439411
0.000208439411
0.000208439411
0.000208439411
0.000208439411
0.000208439411
0.000208439411
0.000208439411
0.000208439411
0.000208439411
0.000208439411
0.000208439411
0.000208439411
0.000208439411
0.000209833274
0.000209833274
0.000209833274
0.000209833274
0.000209833274
0.000209833274
0.000209833274
0.000209833274
0.000209833274
0.000209833274
0.000209833274
0.000209833274
0.000209833274
0.000209833274
0.000209833274
0.000211236458
0.000211236458
0.000211236458
0.000211236458
0.000211236458
0.000211236458
0.000211236458
0.000211236458
0.000211236458
0.000211236458
0.000211236458
0.000211236458
0.000211236458
0.000211236458
0.000211236458
0.000212649025
0.000212649025
0.000212649025
0.000212649025
0.000212649025
0.000212649025
0.000212649025
0.000212649025
0.000212649025
0.000212649025
0.000212649025
0.000212649025
0.000212649025
0.000212649025
0.000212649025
0.000214071038
0.000214071038
0.000214071038
0.000214071038
0.000214071038
0.000214071038
0.000214071038
0.000214071038
0.000214071038
0.000214071038
0.000214071038
0.000214071038
0.000214071038
0.000214071038
0.000214071038
0.000215502561
0.000215502561
0.000215502561
0.000215502561
0.000215502561
0.000215502561
0.000215502561
0.000215502561
0.000215502561
0.000215502561
0.000215502561
0.000215502561
0.000215502561
0.000215502561
0.000215502561
0.000216943655
0.000216943655
0.000216943655
0.000216943655
0.000216943655
0.000216943655
0.000216943655
0.000216943655
0.000216943655
0.000216943655
0.000216943655
0.000216943655
0.000216943655
0.000216943655
0.000216943655
0.000218394387
0.000218394387
0.000218394387
0.000218394387
0.000218394387
0.000218394387
0.000218394387
0.000218394387
0.000218394387
0.000218394387
0.000218394387
0.000218394387
0.000218394387
0.000218394387
0.000218394387
0.00021985482
0.00021985482
0.00021985482
0.00021985482
0.00021985482
0.00021985482
0.00021985482
0.00021985482
0.00021985482
0.00021985482
0.00021985482
0.00021985482
0.00021985482
0.00021985482
0.00021985482
0.00022132502
0.00022132502
0.00022132502
0.00022132502
0.00022132502
0.00022132502
0.00022132502
0.00022132502
0.00022132502
0.00022132502
0.00022132502
0.00022132502
0.00022132502
0.00022132502
0.00022132502
0.00022280505
0.00022280505
0.00022280505
0.00022280505
0.00022280505
0.00022280505
0.00022280505
0.00022280505
0.00022280505
0.00022280505
0.00022280505
0.00022280505
0.00022280505
0.00022280505
0.00022280505
0.000224294978
0.000224294978
0.000224294978
0.000224294978
0.000224294978
0.000224294978
0.000224294978
0.000224294978
0.000224294978
0.000224294978
0.000224294978
0.000224294978
0.000224294978
0.000224294978
0.000224294978
0.000225794868
0.000225794868
0.000225794868
0.000225794868
0.000225794868
0.000225794868
0.000225794868
0.000225794868
0.000225794868
0.000225794868
0.000225794868
0.000225794868
0.000225794868
0.000225794868
0.000225794868
0.00022730479
0.00022730479
0.00022730479
0.00022730479
0.00022730479
0.00022730479
0.00022730479
0.00022730479
0.00022730479
0.00022730479
0.00022730479
0.00022730479
0.00022730479
0.00022730479
0.00022730479
0.000228824809
0.000228824809
0.000228824809
0.000228824809
0.000228824809
0.000228824809
0.000228824809
0.000228824809
0.000228824809
0.000228824809
0.000228824809
0.000228824809
0.000228824809
0.000228824809
0.000228824809
0.000230354991
0.000230354991
0.000230354991
0.000230354991
0.000230354991
0.000230354991
0.000230354991
0.000230354991
0.000230354991
0.000230354991
0.000230354991
0.000230354991
0.000230354991
0.000230354991
0.000230354991
0.000231895406
0.000231895406
0.000231895406
0.000231895406
0.000231895406
0.000231895406
0.000231895406
0.000231895406
0.000231895406
0.000231895406
0.000231895406
0.000231895406
0.000231895406
0.000231895406
0.000231895406
0.000233446122
0.000233446122
0.000233446122
0.000233446122
0.000233446122
0.000233446122
0.000233446122
0.000233446122
0.000233446122
0.000233446122
0.000233446122
0.000233446122
0.000233446122
0.000233446122
0.000233446122
)


// ************************************************************************* //
