/*--------------------------------*- C++ -*----------------------------------*\
| =========                 |                                                 |
| \\      /  F ield         | OpenFOAM: The Open Source CFD Toolbox           |
|  \\    /   O peration     | Version:  2112                                  |
|   \\  /    A nd           | Website:  www.openfoam.com                      |
|    \\/     M anipulation  |                                                 |
\*---------------------------------------------------------------------------*/
FoamFile
{
    version     2.0;
    format      ascii;
    arch        "LSB;label=64;scalar=64";
    class       regIOobject;
    location    "1e-08/polyMesh";
    object      faceZones;
    meta
    {
        names           12 ( block1block2I10MasterZone block1block2I10SlaveZone block1block2I10CutFaceZone PCWallblock3I11MasterZone PCWallblock3I11SlaveZone PCWallblock3I11CutFaceZone block3I2block4I12MasterZone block3I2block4I12SlaveZone block3I2block4I12CutFaceZone block4I2block5I13MasterZone block4I2block5I13SlaveZone block4I2block5I13CutFaceZone );
    }
}
// * * * * * * * * * * * * * * * * * * * * * * * * * * * * * * * * * * * * * //

12
(block1block2I10MasterZone
{
    type            faceZone;
    faceLabels      List<label> 
120
(
23800
115250
115254
115258
115262
115266
115270
115274
115278
115282
115286
115290
115294
115298
115302
115306
115310
115314
115318
115322
115326
115330
115334
115338
115342
115346
115350
115354
115357
206922
206927
206931
206935
206939
206943
206947
206951
206955
206959
206963
206967
206971
206975
206979
206983
206987
206991
206995
206999
207003
207007
207011
207015
207019
207023
207027
207031
207035
293001
293004
293007
293010
293013
293016
293019
293022
293025
293028
293031
293034
293037
293040
293043
293046
293049
293052
293055
293058
293061
293064
293067
293070
293073
293076
293079
293082
357418
357420
357422
357424
357426
357428
357430
357432
357434
357436
357438
357440
357442
357444
357446
357448
357450
357452
357454
357456
357458
357460
357462
357464
357466
357468
357470
357472
357474
471059
592004
653871
699294
699297
)
;
    flipMap         List<bool> 120{0};
}
block1block2I10SlaveZone
{
    type            faceZone;
    faceLabels      List<label> 
80
(
1475241
1475242
1475243
1475244
1475245
1475246
1475247
1475248
1475249
1475250
1475251
1475252
1475253
1475254
1475255
1475256
1475257
1475258
1475259
1475260
1475261
1475262
1475263
1475264
1475265
1475266
1475267
1475268
1475269
1475270
1475271
1475272
1475273
1475274
1475275
1475276
1475277
1475278
1475279
1475280
1475281
1475282
1475283
1475284
1475285
1475286
1475287
1475288
1475289
1475290
1475291
1475292
1475293
1475294
1475295
1475296
1475297
1475298
1475299
1475300
1475301
1475302
1475303
1475304
1475305
1475306
1475307
1475308
1475309
1475310
1475311
1475312
1475313
1475314
1475315
1475316
1475317
1475318
1475319
1475320
)
;
    flipMap         List<bool> 80{0};
}
block1block2I10CutFaceZone
{
    type            faceZone;
    faceLabels      List<label> 0();
    flipMap         List<bool> 0();
}
PCWallblock3I11MasterZone
{
    type            faceZone;
    faceLabels      List<label> 
196
(
63600
154969
154973
154977
154981
154985
154989
154993
154997
155001
155005
155009
155013
155017
155021
155025
155029
155033
155037
155041
155045
155049
155053
155057
155061
155065
155069
155073
246725
246730
246734
246738
246742
246746
246750
246754
246758
246762
246766
246770
246774
246778
246782
246786
246790
246794
246798
246802
246806
246810
246814
246818
246822
246826
246830
246834
246838
323341
323344
323347
323350
323353
323356
323359
323362
323365
323368
323371
323374
323377
323380
323383
323386
323389
323392
323395
323398
323401
323404
323407
323410
323413
323416
323419
377458
377461
377463
377465
377467
377469
377471
377473
377475
377477
377479
377481
377483
377485
377487
377489
377491
377493
377495
377497
377499
377501
377503
377505
377507
377509
377511
377513
438508
621706
718879
733753
1475321
1475322
1475323
1475324
1475325
1475326
1475327
1475328
1475329
1475330
1475331
1475332
1475333
1475334
1475335
1475336
1475337
1475338
1475339
1475340
1475342
1475343
1475344
1475345
1475346
1475347
1475348
1475349
1475350
1475351
1475352
1475353
1475354
1475355
1475356
1475357
1475358
1475359
1475360
1475361
1475362
1475363
1475364
1475365
1475366
1475367
1475368
1475369
1475370
1475371
1475372
1475373
1475374
1475375
1475376
1475377
1475378
1475379
1475380
1475381
1475382
1475383
1475384
1475385
1475386
1475387
1475388
1475389
1475390
1475391
1475392
1475393
1475394
1475395
1475396
1475397
1475398
1475399
1475400
1475401
)
;
    flipMap         List<bool> 196{0};
}
PCWallblock3I11SlaveZone
{
    type            faceZone;
    faceLabels      List<label> 0();
    flipMap         List<bool> 0();
}
PCWallblock3I11CutFaceZone
{
    type            faceZone;
    faceLabels      List<label> 6(155081 438635 553287 573553 734571 1475341);
    flipMap         List<bool> 6{0};
}
block3I2block4I12MasterZone
{
    type            faceZone;
    faceLabels      List<label> 
120
(
68360
159652
159656
159660
159664
159668
159672
159676
159680
159684
159688
159692
159696
159700
159704
159708
159712
159716
159720
159724
159728
159732
159736
159740
159744
159748
159752
159756
251483
251485
251490
251494
251498
251502
251506
251510
251514
251518
251522
251526
251530
251534
251538
251542
251546
251550
251554
251558
251562
251566
251570
251574
251578
251582
251586
251590
251594
251598
326818
326821
326824
326827
326830
326833
326836
326839
326842
326845
326848
326851
326854
326857
326860
326863
326866
326869
326872
326875
326878
326881
326884
326887
326890
326893
326896
379896
379898
379901
379903
379905
379907
379909
379911
379913
379915
379917
379919
379921
379923
379925
379927
379929
379931
379933
379935
379937
379939
379941
379943
379945
379947
379949
379951
379953
441996
458385
556607
625186
721118
733793
)
;
    flipMap         List<bool> 120{0};
}
block3I2block4I12SlaveZone
{
    type            faceZone;
    faceLabels      List<label> 0();
    flipMap         List<bool> 0();
}
block3I2block4I12CutFaceZone
{
    type            faceZone;
    faceLabels      List<label> 0();
    flipMap         List<bool> 0();
}
block4I2block5I13MasterZone
{
    type            faceZone;
    faceLabels      List<label> 
120
(
74905
165977
165981
165985
165989
165993
165997
166001
166005
166009
166013
166017
166021
166025
166029
166033
166037
166041
166045
166049
166053
166057
166061
166065
166069
166073
166077
166081
258028
258030
258035
258039
258043
258047
258051
258055
258059
258063
258067
258071
258075
258079
258083
258087
258091
258095
258099
258103
258107
258111
258115
258119
258123
258127
258131
258135
258139
258143
331493
331496
331499
331502
331505
331508
331511
331514
331517
331520
331523
331526
331529
331532
331535
331538
331541
331544
331547
331550
331553
331556
331559
331562
331565
331568
331571
383251
383253
383256
383258
383260
383262
383264
383266
383268
383270
383272
383274
383276
383278
383280
383282
383284
383286
383288
383290
383292
383294
383296
383298
383300
383302
383304
383306
383308
446616
458550
561172
629971
724198
733848
)
;
    flipMap         List<bool> 120{0};
}
block4I2block5I13SlaveZone
{
    type            faceZone;
    faceLabels      List<label> 0();
    flipMap         List<bool> 0();
}
block4I2block5I13CutFaceZone
{
    type            faceZone;
    faceLabels      List<label> 0();
    flipMap         List<bool> 0();
}
)

// ************************************************************************* //
