/*--------------------------------*- C++ -*----------------------------------*\
| =========                 |                                                 |
| \\      /  F ield         | OpenFOAM: The Open Source CFD Toolbox           |
|  \\    /   O peration     | Version:  2112                                  |
|   \\  /    A nd           | Website:  www.openfoam.com                      |
|    \\/     M anipulation  |                                                 |
\*---------------------------------------------------------------------------*/
FoamFile
{
    version     2.0;
    format      ascii;
    arch        "LSB;label=64;scalar=64";
    note        "nPoints:12911  nCells:6270  nFaces:25104  nInternalFaces:12194";
    class       labelList;
    location    "constant/polyMesh";
    object      neighbour;
}
// * * * * * * * * * * * * * * * * * * * * * * * * * * * * * * * * * * * * * //


12194
(
1
24
2
25
3
26
4
27
5
28
6
29
7
30
8
31
9
32
10
33
11
34
12
35
13
36
14
37
15
38
16
39
17
40
18
41
19
42
20
43
21
44
22
45
23
46
47
25
48
26
49
27
50
28
51
29
52
30
53
31
54
32
55
33
56
34
57
35
58
36
59
37
60
38
61
39
62
40
63
41
64
42
65
43
66
44
67
45
68
46
69
47
70
71
49
72
50
73
51
74
52
75
53
76
54
77
55
78
56
79
57
80
58
81
59
82
60
83
61
84
62
85
63
86
64
87
65
88
66
89
67
90
68
91
69
92
70
93
71
94
95
73
96
74
97
75
98
76
99
77
100
78
101
79
102
80
103
81
104
82
105
83
106
84
107
85
108
86
109
87
110
88
111
89
112
90
113
91
114
92
115
93
116
94
117
95
118
119
97
120
98
121
99
122
100
123
101
124
102
125
103
126
104
127
105
128
106
129
107
130
108
131
109
132
110
133
111
134
112
135
113
136
114
137
115
138
116
139
117
140
118
141
119
142
143
121
144
122
145
123
146
124
147
125
148
126
149
127
150
128
151
129
152
130
153
131
154
132
155
133
156
134
157
135
158
136
159
137
160
138
161
139
162
140
163
141
164
142
165
143
166
167
145
168
146
169
147
170
148
171
149
172
150
173
151
174
152
175
153
176
154
177
155
178
156
179
157
180
158
181
159
182
160
183
161
184
162
185
163
186
164
187
165
188
166
189
167
190
191
169
192
170
193
171
194
172
195
173
196
174
197
175
198
176
199
177
200
178
201
179
202
180
203
181
204
182
205
183
206
184
207
185
208
186
209
187
210
188
211
189
212
190
213
191
214
215
193
216
194
217
195
218
196
219
197
220
198
221
199
222
200
223
201
224
202
225
203
226
204
227
205
228
206
229
207
230
208
231
209
232
210
233
211
234
212
235
213
236
214
237
215
238
239
217
240
218
241
219
242
220
243
221
244
222
245
223
246
224
247
225
248
226
249
227
250
228
251
229
252
230
253
231
254
232
255
233
256
234
257
235
258
236
259
237
260
238
261
239
262
263
241
264
242
265
243
266
244
267
245
268
246
269
247
270
248
271
249
272
250
273
251
274
252
275
253
276
254
277
255
278
256
279
257
280
258
281
259
282
260
283
261
284
262
285
263
286
287
265
288
266
289
267
290
268
291
269
292
270
293
271
294
272
295
273
296
274
297
275
298
276
299
277
300
278
301
279
302
280
303
281
304
282
305
283
306
284
307
285
308
286
309
287
310
311
289
312
290
313
291
314
292
315
293
316
294
317
295
318
296
319
297
320
298
321
299
322
300
323
301
324
302
325
303
326
304
327
305
328
306
329
307
330
308
331
309
332
310
333
311
334
335
313
336
314
337
315
338
316
339
317
340
318
341
319
342
320
343
321
344
322
345
323
346
324
347
325
348
326
349
327
350
328
351
329
352
330
353
331
354
332
355
333
356
334
357
335
358
359
337
360
338
361
339
362
340
363
341
364
342
365
343
366
344
367
345
368
346
369
347
370
348
371
349
372
350
373
351
374
352
375
353
376
354
377
355
378
356
379
357
380
358
381
359
382
383
361
384
362
385
363
386
364
387
365
388
366
389
367
390
368
391
369
392
370
393
371
394
372
395
373
396
374
397
375
398
376
399
377
400
378
401
379
402
380
403
381
404
382
405
383
406
407
385
408
386
409
387
410
388
411
389
412
390
413
391
414
392
415
393
416
394
417
395
418
396
419
397
420
398
421
399
422
400
423
401
424
402
425
403
426
404
427
405
428
406
429
407
430
431
409
432
410
433
411
434
412
435
413
436
414
437
415
438
416
439
417
440
418
441
419
442
420
443
421
444
422
445
423
446
424
447
425
448
426
449
427
450
428
451
429
452
430
453
431
454
455
433
456
434
457
435
458
436
459
437
460
438
461
439
462
440
463
441
464
442
465
443
466
444
467
445
468
446
469
447
470
448
471
449
472
450
473
451
474
452
475
453
476
454
477
455
478
479
457
480
458
481
459
482
460
483
461
484
462
485
463
486
464
487
465
488
466
489
467
490
468
491
469
492
470
493
471
494
472
495
473
496
474
497
475
498
476
499
477
500
478
501
479
502
503
481
504
482
505
483
506
484
507
485
508
486
509
487
510
488
511
489
512
490
513
491
514
492
515
493
516
494
517
495
518
496
519
497
520
498
521
499
522
500
523
501
524
502
525
503
526
527
505
528
506
529
507
530
508
531
509
532
510
533
511
534
512
535
513
536
514
537
515
538
516
539
517
540
518
541
519
542
520
543
521
544
522
545
523
546
524
547
525
548
526
549
527
550
551
529
552
530
553
531
554
532
555
533
556
534
557
535
558
536
559
537
560
538
561
539
562
540
563
541
564
542
565
543
566
544
567
545
568
546
569
547
570
548
571
549
572
550
573
551
574
575
553
576
554
577
555
578
556
579
557
580
558
581
559
582
560
583
561
584
562
585
563
586
564
587
565
588
566
589
567
590
568
591
569
592
570
593
571
594
572
595
573
596
574
597
575
598
599
577
600
578
601
579
602
580
603
581
604
582
605
583
606
584
607
585
608
586
609
587
610
588
611
589
612
590
613
591
614
592
615
593
616
594
617
595
618
596
619
597
620
598
621
599
622
623
601
624
602
625
603
626
604
627
605
628
606
629
607
630
608
631
609
632
610
633
611
634
612
635
613
636
614
637
615
638
616
639
617
640
618
641
619
642
620
643
621
644
622
645
623
646
647
625
648
626
649
627
650
628
651
629
652
630
653
631
654
632
655
633
656
634
657
635
658
636
659
637
660
638
661
639
662
640
663
641
664
642
665
643
666
644
667
645
668
646
669
647
670
671
649
672
650
673
651
674
652
675
653
676
654
677
655
678
656
679
657
680
658
681
659
682
660
683
661
684
662
685
663
686
664
687
665
688
666
689
667
690
668
691
669
692
670
693
671
694
695
673
696
674
697
675
698
676
699
677
700
678
701
679
702
680
703
681
704
682
705
683
706
684
707
685
708
686
709
687
710
688
711
689
712
690
713
691
714
692
715
693
716
694
717
695
718
719
697
720
698
721
699
722
700
723
701
724
702
725
703
726
704
727
705
728
706
729
707
730
708
731
709
732
710
733
711
734
712
735
713
736
714
737
715
738
716
739
717
740
718
741
719
742
743
721
744
722
745
723
746
724
747
725
748
726
749
727
750
728
751
729
752
730
753
731
754
732
755
733
756
734
757
735
758
736
759
737
760
738
761
739
762
740
763
741
764
742
765
743
766
767
745
768
746
769
747
770
748
771
749
772
750
773
751
774
752
775
753
776
754
777
755
778
756
779
757
780
758
781
759
782
760
783
761
784
762
785
763
786
764
787
765
788
766
789
767
790
791
769
792
770
793
771
794
772
795
773
796
774
797
775
798
776
799
777
800
778
801
779
802
780
803
781
804
782
805
783
806
784
807
785
808
786
809
787
810
788
811
789
812
790
813
791
814
815
793
816
794
817
795
818
796
819
797
820
798
821
799
822
800
823
801
824
802
825
803
826
804
827
805
828
806
829
807
830
808
831
809
832
810
833
811
834
812
835
813
836
814
837
815
838
839
817
840
818
841
819
842
820
843
821
844
822
845
823
846
824
847
825
848
826
849
827
850
828
851
829
852
830
853
831
854
832
855
833
856
834
857
835
858
836
859
837
860
838
861
839
862
863
841
864
842
865
843
866
844
867
845
868
846
869
847
870
848
871
849
872
850
873
851
874
852
875
853
876
854
877
855
878
856
879
857
880
858
881
859
882
860
883
861
884
862
885
863
886
887
865
888
866
889
867
890
868
891
869
892
870
893
871
894
872
895
873
896
874
897
875
898
876
899
877
900
878
901
879
902
880
903
881
904
882
905
883
906
884
907
885
908
886
909
887
910
911
889
912
890
913
891
914
892
915
893
916
894
917
895
918
896
919
897
920
898
921
899
922
900
923
901
924
902
925
903
926
904
927
905
928
906
929
907
930
908
931
909
932
910
933
911
934
935
913
936
914
937
915
938
916
939
917
940
918
941
919
942
920
943
921
944
922
945
923
946
924
947
925
948
926
949
927
950
928
951
929
952
930
953
931
954
932
955
933
956
934
957
935
958
959
937
960
938
961
939
962
940
963
941
964
942
965
943
966
944
967
945
968
946
969
947
970
948
971
949
972
950
973
951
974
952
975
953
976
954
977
955
978
956
979
957
980
958
981
959
982
983
961
984
962
985
963
986
964
987
965
988
966
989
967
990
968
991
969
992
970
993
971
994
972
995
973
996
974
997
975
998
976
999
977
1000
978
1001
979
1002
980
1003
981
1004
982
1005
983
1006
1007
985
1008
986
1009
987
1010
988
1011
989
1012
990
1013
991
1014
992
1015
993
1016
994
1017
995
1018
996
1019
997
1020
998
1021
999
1022
1000
1023
1001
1024
1002
1025
1003
1026
1004
1027
1005
1028
1006
1029
1007
1030
1031
1009
1032
1010
1033
1011
1034
1012
1035
1013
1036
1014
1037
1015
1038
1016
1039
1017
1040
1018
1041
1019
1042
1020
1043
1021
1044
1022
1045
1023
1046
1024
1047
1025
1048
1026
1049
1027
1050
1028
1051
1029
1052
1030
1053
1031
1054
1055
1033
1056
1034
1057
1035
1058
1036
1059
1037
1060
1038
1061
1039
1062
1040
1063
1041
1064
1042
1065
1043
1066
1044
1067
1045
1068
1046
1069
1047
1070
1048
1071
1049
1072
1050
1073
1051
1074
1052
1075
1053
1076
1054
1077
1055
1078
1079
1057
1080
1058
1081
1059
1082
1060
1083
1061
1084
1062
1085
1063
1086
1064
1087
1065
1088
1066
1089
1067
1090
1068
1091
1069
1092
1070
1093
1071
1094
1072
1095
1073
1096
1074
1097
1075
1098
1076
1099
1077
1100
1078
1101
1079
1102
1103
1081
1104
1082
1105
1083
1106
1084
1107
1085
1108
1086
1109
1087
1110
1088
1111
1089
1112
1090
1113
1091
1114
1092
1115
1093
1116
1094
1117
1095
1118
1096
1119
1097
1120
1098
1121
1099
1122
1100
1123
1101
1124
1102
1125
1103
1126
1127
1105
1128
1106
1129
1107
1130
1108
1131
1109
1132
1110
1133
1111
1134
1112
1135
1113
1136
1114
1137
1115
1138
1116
1139
1117
1140
1118
1141
1119
1142
1120
1143
1121
1144
1122
1145
1123
1146
1124
1147
1125
1148
1126
1149
1127
1150
1151
1129
1152
1130
1153
1131
1154
1132
1155
1133
1156
1134
1157
1135
1158
1136
1159
1137
1160
1138
1161
1139
1162
1140
1163
1141
1164
1142
1165
1143
1166
1144
1167
1145
1168
1146
1169
1147
1170
1148
1171
1149
1172
1150
1173
1151
1174
1175
1153
1176
1154
1177
1155
1178
1156
1179
1157
1180
1158
1181
1159
1182
1160
1183
1161
1184
1162
1185
1163
1186
1164
1187
1165
1188
1166
1189
1167
1190
1168
1191
1169
1192
1170
1193
1171
1194
1172
1195
1173
1196
1174
1197
1175
1198
1199
1177
1200
1178
1201
1179
1202
1180
1203
1181
1204
1182
1205
1183
1206
1184
1207
1185
1208
1186
1209
1187
1210
1188
1211
1189
1212
1190
1213
1191
1214
1192
1215
1193
1216
1194
1217
1195
1218
1196
1219
1197
1220
1198
1221
1199
1222
1223
1201
1224
1202
1225
1203
1226
1204
1227
1205
1228
1206
1229
1207
1230
1208
1231
1209
1232
1210
1233
1211
1234
1212
1235
1213
1236
1214
1237
1215
1238
1216
1239
1217
1240
1218
1241
1219
1242
1220
1243
1221
1244
1222
1245
1223
1246
1247
1225
1248
1226
1249
1227
1250
1228
1251
1229
1252
1230
1253
1231
1254
1232
1255
1233
1256
1234
1257
1235
1258
1236
1259
1237
1260
1238
1261
1239
1262
1240
1263
1241
1264
1242
1265
1243
1266
1244
1267
1245
1268
1246
1269
1247
1270
1271
1249
1272
1250
1273
1251
1274
1252
1275
1253
1276
1254
1277
1255
1278
1256
1279
1257
1280
1258
1281
1259
1282
1260
1283
1261
1284
1262
1285
1263
1286
1264
1287
1265
1288
1266
1289
1267
1290
1268
1291
1269
1292
1270
1293
1271
1294
1295
1273
1296
1274
1297
1275
1298
1276
1299
1277
1300
1278
1301
1279
1302
1280
1303
1281
1304
1282
1305
1283
1306
1284
1307
1285
1308
1286
1309
1287
1310
1288
1311
1289
1312
1290
1313
1291
1314
1292
1315
1293
1316
1294
1317
1295
1318
1319
1297
1320
1298
1321
1299
1322
1300
1323
1301
1324
1302
1325
1303
1326
1304
1327
1305
1328
1306
1329
1307
1330
1308
1331
1309
1332
1310
1333
1311
1334
1312
1335
1313
1336
1314
1337
1315
1338
1316
1339
1317
1340
1318
1341
1319
1342
1343
1321
1344
1322
1345
1323
1346
1324
1347
1325
1348
1326
1349
1327
1350
1328
1351
1329
1352
1330
1353
1331
1354
1332
1355
1333
1356
1334
1357
1335
1358
1336
1359
1337
1360
1338
1361
1339
1362
1340
1363
1341
1364
1342
1365
1343
1366
1367
1345
1368
1346
1369
1347
1370
1348
1371
1349
1372
1350
1373
1351
1374
1352
1375
1353
1376
1354
1377
1355
1378
1356
1379
1357
1380
1358
1381
1359
1382
1360
1383
1361
1384
1362
1385
1363
1386
1364
1387
1365
1388
1366
1389
1367
1390
1391
1369
1392
1370
1393
1371
1394
1372
1395
1373
1396
1374
1397
1375
1398
1376
1399
1377
1400
1378
1401
1379
1402
1380
1403
1381
1404
1382
1405
1383
1406
1384
1407
1385
1408
1386
1409
1387
1410
1388
1411
1389
1412
1390
1413
1391
1414
1415
1393
1416
1394
1417
1395
1418
1396
1419
1397
1420
1398
1421
1399
1422
1400
1423
1401
1424
1402
1425
1403
1426
1404
1427
1405
1428
1406
1429
1407
1430
1408
1431
1409
1432
1410
1433
1411
1434
1412
1435
1413
1436
1414
1437
1415
1438
1439
1417
1440
1418
1441
1419
1442
1420
1443
1421
1444
1422
1445
1423
1446
1424
1447
1425
1448
1426
1449
1427
1450
1428
1451
1429
1452
1430
1453
1431
1454
1432
1455
1433
1456
1434
1457
1435
1458
1436
1459
1437
1460
1438
1461
1439
1462
1463
1441
1464
1442
1465
1443
1466
1444
1467
1445
1468
1446
1469
1447
1470
1448
1471
1449
1472
1450
1473
1451
1474
1452
1475
1453
1476
1454
1477
1455
1478
1456
1479
1457
1480
1458
1481
1459
1482
1460
1483
1461
1484
1462
1485
1463
1486
1487
1465
1488
1466
1489
1467
1490
1468
1491
1469
1492
1470
1493
1471
1494
1472
1495
1473
1496
1474
1497
1475
1498
1476
1499
1477
1500
1478
1501
1479
1502
1480
1503
1481
1504
1482
1505
1483
1506
1484
1507
1485
1508
1486
1509
1487
1510
1511
1489
1512
1490
1513
1491
1514
1492
1515
1493
1516
1494
1517
1495
1518
1496
1519
1497
1520
1498
1521
1499
1522
1500
1523
1501
1524
1502
1525
1503
1526
1504
1527
1505
1528
1506
1529
1507
1530
1508
1531
1509
1532
1510
1533
1511
1534
1535
1513
1536
1514
1537
1515
1538
1516
1539
1517
1540
1518
1541
1519
1542
1520
1543
1521
1544
1522
1545
1523
1546
1524
1547
1525
1548
1526
1549
1527
1550
1528
1551
1529
1552
1530
1553
1531
1554
1532
1555
1533
1556
1534
1557
1535
1558
1559
1537
1560
1538
1561
1539
1562
1540
1563
1541
1564
1542
1565
1543
1566
1544
1567
1545
1568
1546
1569
1547
1570
1548
1571
1549
1572
1550
1573
1551
1574
1552
1575
1553
1576
1554
1577
1555
1578
1556
1579
1557
1580
1558
1581
1559
1582
1583
1561
1584
1562
1585
1563
1586
1564
1587
1565
1588
1566
1589
1567
1590
1568
1591
1569
1592
1570
1593
1571
1594
1572
1595
1573
1596
1574
1597
1575
1598
1576
1599
1577
1600
1578
1601
1579
1602
1580
1603
1581
1604
1582
1605
1583
1606
1607
1585
1608
1586
1609
1587
1610
1588
1611
1589
1612
1590
1613
1591
1614
1592
1615
1593
1616
1594
1617
1595
1618
1596
1619
1597
1620
1598
1621
1599
1622
1600
1623
1601
1624
1602
1625
1603
1626
1604
1627
1605
1628
1606
1629
1607
1630
1631
1609
1632
1610
1633
1611
1634
1612
1635
1613
1636
1614
1637
1615
1638
1616
1639
1617
1640
1618
1641
1619
1642
1620
1643
1621
1644
1622
1645
1623
1646
1624
1647
1625
1648
1626
1649
1627
1650
1628
1651
1629
1652
1630
1653
1631
1654
1655
1633
1656
1634
1657
1635
1658
1636
1659
1637
1660
1638
1661
1639
1662
1640
1663
1641
1664
1642
1665
1643
1666
1644
1667
1645
1668
1646
1669
1647
1670
1648
1671
1649
1672
1650
1673
1651
1674
1652
1675
1653
1676
1654
1677
1655
1678
1679
1657
1680
1658
1681
1659
1682
1660
1683
1661
1684
1662
1685
1663
1686
1664
1687
1665
1688
1666
1689
1667
1690
1668
1691
1669
1692
1670
1693
1671
1694
1672
1695
1673
1696
1674
1697
1675
1698
1676
1699
1677
1700
1678
1701
1679
1702
1703
1681
1704
1682
1705
1683
1706
1684
1707
1685
1708
1686
1709
1687
1710
1688
1711
1689
1712
1690
1713
1691
1714
1692
1715
1693
1716
1694
1717
1695
1718
1696
1719
1697
1720
1698
1721
1699
1722
1700
1723
1701
1724
1702
1725
1703
1726
1727
1705
1728
1706
1729
1707
1730
1708
1731
1709
1732
1710
1733
1711
1734
1712
1735
1713
1736
1714
1737
1715
1738
1716
1739
1717
1740
1718
1741
1719
1742
1720
1743
1721
1744
1722
1745
1723
1746
1724
1747
1725
1748
1726
1749
1727
1750
1751
1729
1752
1730
1753
1731
1754
1732
1755
1733
1756
1734
1757
1735
1758
1736
1759
1737
1760
1738
1761
1739
1762
1740
1763
1741
1764
1742
1765
1743
1766
1744
1767
1745
1768
1746
1769
1747
1770
1748
1771
1749
1772
1750
1773
1751
1774
1775
1753
1776
1754
1777
1755
1778
1756
1779
1757
1780
1758
1781
1759
1782
1760
1783
1761
1784
1762
1785
1763
1786
1764
1787
1765
1788
1766
1789
1767
1790
1768
1791
1769
1792
1770
1793
1771
1794
1772
1795
1773
1796
1774
1797
1775
1798
1799
1777
1800
1778
1801
1779
1802
1780
1803
1781
1804
1782
1805
1783
1806
1784
1807
1785
1808
1786
1809
1787
1810
1788
1811
1789
1812
1790
1813
1791
1814
1792
1815
1793
1816
1794
1817
1795
1818
1796
1819
1797
1820
1798
1821
1799
1822
1823
1801
1824
1802
1825
1803
1826
1804
1827
1805
1828
1806
1829
1807
1830
1808
1831
1809
1832
1810
1833
1811
1834
1812
1835
1813
1836
1814
1837
1815
1838
1816
1839
1817
1840
1818
1841
1819
1842
1820
1843
1821
1844
1822
1845
1823
1846
1847
1825
1848
1826
1849
1827
1850
1828
1851
1829
1852
1830
1853
1831
1854
1832
1855
1833
1856
1834
1857
1835
1858
1836
1859
1837
1860
1838
1861
1839
1862
1840
1863
1841
1864
1842
1865
1843
1866
1844
1867
1845
1868
1846
1869
1847
1870
1871
1849
1872
1850
1873
1851
1874
1852
1875
1853
1876
1854
1877
1855
1878
1856
1879
1857
1880
1858
1881
1859
1882
1860
1883
1861
1884
1862
1885
1863
1886
1864
1887
1865
1888
1866
1889
1867
1890
1868
1891
1869
1892
1870
1893
1871
1894
1895
1873
1896
1874
1897
1875
1898
1876
1899
1877
1900
1878
1901
1879
1902
1880
1903
1881
1904
1882
1905
1883
1906
1884
1907
1885
1908
1886
1909
1887
1910
1888
1911
1889
1912
1890
1913
1891
1914
1892
1915
1893
1916
1894
1917
1895
1918
1919
1897
1920
1898
1921
1899
1922
1900
1923
1901
1924
1902
1925
1903
1926
1904
1927
1905
1928
1906
1929
1907
1930
1908
1931
1909
1932
1910
1933
1911
1934
1912
1935
1913
1936
1914
1937
1915
1938
1916
1939
1917
1940
1918
1941
1919
1942
1943
1921
1944
1922
1945
1923
1946
1924
1947
1925
1948
1926
1949
1927
1950
1928
1951
1929
1952
1930
1953
1931
1954
1932
1955
1933
1956
1934
1957
1935
1958
1936
1959
1937
1960
1938
1961
1939
1962
1940
1963
1941
1964
1942
1965
1943
1966
1967
1945
1968
1946
1969
1947
1970
1948
1971
1949
1972
1950
1973
1951
1974
1952
1975
1953
1976
1954
1977
1955
1978
1956
1979
1957
1980
1958
1981
1959
1982
1960
1983
1961
1984
1962
1985
1963
1986
1964
1987
1965
1988
1966
1989
1967
1990
1991
1969
1992
1970
1993
1971
1994
1972
1995
1973
1996
1974
1997
1975
1998
1976
1999
1977
2000
1978
2001
1979
2002
1980
2003
1981
2004
1982
2005
1983
2006
1984
2007
1985
2008
1986
2009
1987
2010
1988
2011
1989
2012
1990
2013
1991
2014
2015
1993
2016
1994
2017
1995
2018
1996
2019
1997
2020
1998
2021
1999
2022
2000
2023
2001
2024
2002
2025
2003
2026
2004
2027
2005
2028
2006
2029
2007
2030
2008
2031
2009
2032
2010
2033
2011
2034
2012
2035
2013
2036
2014
2037
2015
2038
2039
2017
2040
2018
2041
2019
2042
2020
2043
2021
2044
2022
2045
2023
2046
2024
2047
2025
2048
2026
2049
2027
2050
2028
2051
2029
2052
2030
2053
2031
2054
2032
2055
2033
2056
2034
2057
2035
2058
2036
2059
2037
2060
2038
2061
2039
2062
2063
2041
2064
2042
2065
2043
2066
2044
2067
2045
2068
2046
2069
2047
2070
2048
2071
2049
2072
2050
2073
2051
2074
2052
2075
2053
2076
2054
2077
2055
2078
2056
2079
2057
2080
2058
2081
2059
2082
2060
2083
2061
2084
2062
2085
2063
2086
2087
2065
2088
2066
2089
2067
2090
2068
2091
2069
2092
2070
2093
2071
2094
2072
2095
2073
2096
2074
2097
2075
2098
2076
2099
2077
2100
2078
2101
2079
2102
2080
2103
2081
2104
2082
2105
2083
2106
2084
2107
2085
2108
2086
2109
2087
2110
2111
2089
2112
2090
2113
2091
2114
2092
2115
2093
2116
2094
2117
2095
2118
2096
2119
2097
2120
2098
2121
2099
2122
2100
2123
2101
2124
2102
2125
2103
2126
2104
2127
2105
2128
2106
2129
2107
2130
2108
2131
2109
2132
2110
2133
2111
2134
2135
2113
2136
2114
2137
2115
2138
2116
2139
2117
2140
2118
2141
2119
2142
2120
2143
2121
2144
2122
2145
2123
2146
2124
2147
2125
2148
2126
2149
2127
2150
2128
2151
2129
2152
2130
2153
2131
2154
2132
2155
2133
2156
2134
2157
2135
2158
2159
2137
2160
2138
2161
2139
2162
2140
2163
2141
2164
2142
2165
2143
2166
2144
2167
2145
2168
2146
2169
2147
2170
2148
2171
2149
2172
2150
2173
2151
2174
2152
2175
2153
2176
2154
2177
2155
2178
2156
2179
2157
2180
2158
2181
2159
2182
2183
2161
2184
2162
2185
2163
2186
2164
2187
2165
2188
2166
2189
2167
2190
2168
2191
2169
2192
2170
2193
2171
2194
2172
2195
2173
2196
2174
2197
2175
2198
2176
2199
2177
2200
2178
2201
2179
2202
2180
2203
2181
2204
2182
2205
2183
2206
2207
2185
2208
2186
2209
2187
2210
2188
2211
2189
2212
2190
2213
2191
2214
2192
2215
2193
2216
2194
2217
2195
2218
2196
2219
2197
2220
2198
2221
2199
2222
2200
2223
2201
2224
2202
2225
2203
2226
2204
2227
2205
2228
2206
2229
2207
2230
2231
2209
2232
2210
2233
2211
2234
2212
2235
2213
2236
2214
2237
2215
2238
2216
2239
2217
2240
2218
2241
2219
2242
2220
2243
2221
2244
2222
2245
2223
2246
2224
2247
2225
2248
2226
2249
2227
2250
2228
2251
2229
2252
2230
2253
2231
2254
2255
2233
2256
2234
2257
2235
2258
2236
2259
2237
2260
2238
2261
2239
2262
2240
2263
2241
2264
2242
2265
2243
2266
2244
2267
2245
2268
2246
2269
2247
2270
2248
2271
2249
2272
2250
2273
2251
2274
2252
2275
2253
2276
2254
2277
2255
2278
2279
2257
2280
2258
2281
2259
2282
2260
2283
2261
2284
2262
2285
2263
2286
2264
2287
2265
2288
2266
2289
2267
2290
2268
2291
2269
2292
2270
2293
2271
2294
2272
2295
2273
2296
2274
2297
2275
2298
2276
2299
2277
2300
2278
2301
2279
2302
2303
2281
2304
2282
2305
2283
2306
2284
2307
2285
2308
2286
2309
2287
2310
2288
2311
2289
2312
2290
2313
2291
2314
2292
2315
2293
2316
2294
2317
2295
2318
2296
2319
2297
2320
2298
2321
2299
2322
2300
2323
2301
2324
2302
2325
2303
2326
2327
2305
2328
2306
2329
2307
2330
2308
2331
2309
2332
2310
2333
2311
2334
2312
2335
2313
2336
2314
2337
2315
2338
2316
2339
2317
2340
2318
2341
2319
2342
2320
2343
2321
2344
2322
2345
2323
2346
2324
2347
2325
2348
2326
2349
2327
2350
2351
2329
2352
2330
2353
2331
2354
2332
2355
2333
2356
2334
2357
2335
2358
2336
2359
2337
2360
2338
2361
2339
2362
2340
2363
2341
2364
2342
2365
2343
2366
2344
2367
2345
2368
2346
2369
2347
2370
2348
2371
2349
2372
2350
2373
2351
2374
2375
2353
2376
2354
2377
2355
2378
2356
2379
2357
2380
2358
2381
2359
2382
2360
2383
2361
2384
2362
2385
2363
2386
2364
2387
2365
2388
2366
2389
2367
2390
2368
2391
2369
2392
2370
2393
2371
2394
2372
2395
2373
2396
2374
2397
2375
2398
2399
2377
2400
2378
2401
2379
2402
2380
2403
2381
2404
2382
2405
2383
2406
2384
2407
2385
2408
2386
2409
2387
2410
2388
2411
2389
2412
2390
2413
2391
2414
2392
2415
2393
2416
2394
2417
2395
2418
2396
2419
2397
2420
2398
2421
2399
2422
2423
2401
2424
2402
2425
2403
2426
2404
2427
2405
2428
2406
2429
2407
2430
2408
2431
2409
2432
2410
2433
2411
2434
2412
2435
2413
2436
2414
2437
2415
2438
2416
2439
2417
2440
2418
2441
2419
2442
2420
2443
2421
2444
2422
2445
2423
2446
2447
2425
2448
2426
2449
2427
2450
2428
2451
2429
2452
2430
2453
2431
2454
2432
2455
2433
2456
2434
2457
2435
2458
2436
2459
2437
2460
2438
2461
2439
2462
2440
2463
2441
2464
2442
2465
2443
2466
2444
2467
2445
2468
2446
2469
2447
2470
2471
2449
2472
2450
2473
2451
2474
2452
2475
2453
2476
2454
2477
2455
2478
2456
2479
2457
2480
2458
2481
2459
2482
2460
2483
2461
2484
2462
2485
2463
2486
2464
2487
2465
2488
2466
2489
2467
2490
2468
2491
2469
2492
2470
2493
2471
2494
2495
2473
2496
2474
2497
2475
2498
2476
2499
2477
2500
2478
2501
2479
2502
2480
2503
2481
2504
2482
2505
2483
2506
2484
2507
2485
2508
2486
2509
2487
2510
2488
2511
2489
2512
2490
2513
2491
2514
2492
2515
2493
2516
2494
2517
2495
2518
2519
2497
2520
2498
2521
2499
2522
2500
2523
2501
2524
2502
2525
2503
2526
2504
2527
2505
2528
2506
2529
2507
2530
2508
2531
2509
2532
2510
2533
2511
2534
2512
2535
2513
2536
2514
2537
2515
2538
2516
2539
2517
2540
2518
2541
2519
2542
2543
2521
2544
2522
2545
2523
2546
2524
2547
2525
2548
2526
2549
2527
2550
2528
2551
2529
2552
2530
2553
2531
2554
2532
2555
2533
2556
2534
2557
2535
2558
2536
2559
2537
2560
2538
2561
2539
2562
2540
2563
2541
2564
2542
2565
2543
2566
2567
2545
2568
2546
2569
2547
2570
2548
2571
2549
2572
2550
2573
2551
2574
2552
2575
2553
2576
2554
2577
2555
2578
2556
2579
2557
2580
2558
2581
2559
2582
2560
2583
2561
2584
2562
2585
2563
2586
2564
2587
2565
2588
2566
2589
2567
2590
2591
2569
2592
2570
2593
2571
2594
2572
2595
2573
2596
2574
2597
2575
2598
2576
2599
2577
2600
2578
2601
2579
2602
2580
2603
2581
2604
2582
2605
2583
2606
2584
2607
2585
2608
2586
2609
2587
2610
2588
2611
2589
2612
2590
2613
2591
2614
2615
2593
2616
2594
2617
2595
2618
2596
2619
2597
2620
2598
2621
2599
2622
2600
2623
2601
2624
2602
2625
2603
2626
2604
2627
2605
2628
2606
2629
2607
2630
2608
2631
2609
2632
2610
2633
2611
2634
2612
2635
2613
2636
2614
2637
2615
2638
2639
2617
2640
2618
2641
2619
2642
2620
2643
2621
2644
2622
2645
2623
2646
2624
2647
2625
2648
2626
2649
2627
2650
2628
2651
2629
2652
2630
2653
2631
2654
2632
2655
2633
2656
2634
2657
2635
2658
2636
2659
2637
2660
2638
2661
2639
2662
2663
2641
2664
2642
2665
2643
2666
2644
2667
2645
2668
2646
2669
2647
2670
2648
2671
2649
2672
2650
2673
2651
2674
2652
2675
2653
2676
2654
2677
2655
2678
2656
2679
2657
2680
2658
2681
2659
2682
2660
2683
2661
2684
2662
2685
2663
2686
2687
2665
2688
2666
2689
2667
2690
2668
2691
2669
2692
2670
2693
2671
2694
2672
2695
2673
2696
2674
2697
2675
2698
2676
2699
2677
2700
2678
2701
2679
2702
2680
2703
2681
2704
2682
2705
2683
2706
2684
2707
2685
2708
2686
2709
2687
2710
2711
2689
2712
2690
2713
2691
2714
2692
2715
2693
2716
2694
2717
2695
2718
2696
2719
2697
2720
2698
2721
2699
2722
2700
2723
2701
2724
2702
2725
2703
2726
2704
2727
2705
2728
2706
2729
2707
2730
2708
2731
2709
2732
2710
2733
2711
2734
2735
2713
2736
2714
2737
2715
2738
2716
2739
2717
2740
2718
2741
2719
2742
2720
2743
2721
2744
2722
2745
2723
2746
2724
2747
2725
2748
2726
2749
2727
2750
2728
2751
2729
2752
2730
2753
2731
2754
2732
2755
2733
2756
2734
2757
2735
2758
2759
2737
2760
2738
2761
2739
2762
2740
2763
2741
2764
2742
2765
2743
2766
2744
2767
2745
2768
2746
2769
2747
2770
2748
2771
2749
2772
2750
2773
2751
2774
2752
2775
2753
2776
2754
2777
2755
2778
2756
2779
2757
2780
2758
2781
2759
2782
2783
2761
2784
2762
2785
2763
2786
2764
2787
2765
2788
2766
2789
2767
2790
2768
2791
2769
2792
2770
2793
2771
2794
2772
2795
2773
2796
2774
2797
2775
2798
2776
2799
2777
2800
2778
2801
2779
2802
2780
2803
2781
2804
2782
2805
2783
2806
2807
2785
2808
2786
2809
2787
2810
2788
2811
2789
2812
2790
2813
2791
2814
2792
2815
2793
2816
2794
2817
2795
2818
2796
2819
2797
2820
2798
2821
2799
2822
2800
2823
2801
2824
2802
2825
2803
2826
2804
2827
2805
2828
2806
2829
2807
2830
2831
2809
2832
2810
2833
2811
2834
2812
2835
2813
2836
2814
2837
2815
2838
2816
2839
2817
2840
2818
2841
2819
2842
2820
2843
2821
2844
2822
2845
2823
2846
2824
2847
2825
2848
2826
2849
2827
2850
2828
2851
2829
2852
2830
2853
2831
2854
2855
2833
2856
2834
2857
2835
2858
2836
2859
2837
2860
2838
2861
2839
2862
2840
2863
2841
2864
2842
2865
2843
2866
2844
2867
2845
2868
2846
2869
2847
2870
2848
2871
2849
2872
2850
2873
2851
2874
2852
2875
2853
2876
2854
2877
2855
2878
2879
2857
2880
2858
2881
2859
2882
2860
2883
2861
2884
2862
2885
2863
2886
2864
2887
2865
2888
2866
2889
2867
2890
2868
2891
2869
2892
2870
2893
2871
2894
2872
2895
2873
2896
2874
2897
2875
2898
2876
2899
2877
2900
2878
2901
2879
2902
2903
2881
2904
2882
2905
2883
2906
2884
2907
2885
2908
2886
2909
2887
2910
2888
2911
2889
2912
2890
2913
2891
2914
2892
2915
2893
2916
2894
2917
2895
2918
2896
2919
2897
2920
2898
2921
2899
2922
2900
2923
2901
2924
2902
2925
2903
2926
2927
2905
2928
2906
2929
2907
2930
2908
2931
2909
2932
2910
2933
2911
2934
2912
2935
2913
2936
2914
2937
2915
2938
2916
2939
2917
2940
2918
2941
2919
2942
2920
2943
2921
2944
2922
2945
2923
2946
2924
2947
2925
2948
2926
2949
2927
2950
2951
2929
2952
2930
2953
2931
2954
2932
2955
2933
2956
2934
2957
2935
2958
2936
2959
2937
2960
2938
2961
2939
2962
2940
2963
2941
2964
2942
2965
2943
2966
2944
2967
2945
2968
2946
2969
2947
2970
2948
2971
2949
2972
2950
2973
2951
2974
2975
2953
2976
2954
2977
2955
2978
2956
2979
2957
2980
2958
2981
2959
2982
2960
2983
2961
2984
2962
2985
2963
2986
2964
2987
2965
2988
2966
2989
2967
2990
2968
2991
2969
2992
2970
2993
2971
2994
2972
2995
2973
2996
2974
2997
2975
2998
2999
2977
3000
2978
3001
2979
3002
2980
3003
2981
3004
2982
3005
2983
3006
2984
3007
2985
3008
2986
3009
2987
3010
2988
3011
2989
3012
2990
3013
2991
3014
2992
3015
2993
3016
2994
3017
2995
3018
2996
3019
2997
3020
2998
3021
2999
3022
3023
3001
3024
3002
3025
3003
3026
3004
3027
3005
3028
3006
3029
3007
3030
3008
3031
3009
3032
3010
3033
3011
3034
3012
3035
3013
3036
3014
3037
3015
3038
3016
3039
3017
3040
3018
3041
3019
3042
3020
3043
3021
3044
3022
3045
3023
3046
3047
3025
3048
3026
3049
3027
3050
3028
3051
3029
3052
3030
3053
3031
3054
3032
3055
3033
3056
3034
3057
3035
3058
3036
3059
3037
3060
3038
3061
3039
3062
3040
3063
3041
3064
3042
3065
3043
3066
3044
3067
3045
3068
3046
3069
3047
3070
3071
3049
3072
3050
3073
3051
3074
3052
3075
3053
3076
3054
3077
3055
3078
3056
3079
3057
3080
3058
3081
3059
3082
3060
3083
3061
3084
3062
3085
3063
3086
3064
3087
3065
3088
3066
3089
3067
3090
3068
3091
3069
3092
3070
3093
3071
3094
3095
3073
3096
3074
3097
3075
3098
3076
3099
3077
3100
3078
3101
3079
3102
3080
3103
3081
3104
3082
3105
3083
3106
3084
3107
3085
3108
3086
3109
3087
3110
3088
3111
3089
3112
3090
3113
3091
3114
3092
3115
3093
3116
3094
3117
3095
3118
3119
3097
3120
3098
3121
3099
3122
3100
3123
3101
3124
3102
3125
3103
3126
3104
3127
3105
3128
3106
3129
3107
3130
3108
3131
3109
3132
3110
3133
3111
3134
3112
3135
3113
3136
3114
3137
3115
3138
3116
3139
3117
3140
3118
3141
3119
3142
3143
3121
3144
3122
3145
3123
3146
3124
3147
3125
3148
3126
3149
3127
3150
3128
3151
3129
3152
3130
3153
3131
3154
3132
3155
3133
3156
3134
3157
3135
3158
3136
3159
3137
3160
3138
3161
3139
3162
3140
3163
3141
3164
3142
3165
3143
3166
3167
3145
3168
3146
3169
3147
3170
3148
3171
3149
3172
3150
3173
3151
3174
3152
3175
3153
3176
3154
3177
3155
3178
3156
3179
3157
3180
3158
3181
3159
3182
3160
3183
3161
3184
3162
3185
3163
3186
3164
3187
3165
3188
3166
3189
3167
3190
3191
3169
3192
3170
3193
3171
3194
3172
3195
3173
3196
3174
3197
3175
3198
3176
3199
3177
3200
3178
3201
3179
3202
3180
3203
3181
3204
3182
3205
3183
3206
3184
3207
3185
3208
3186
3209
3187
3210
3188
3211
3189
3212
3190
3213
3191
3214
3215
3193
3216
3194
3217
3195
3218
3196
3219
3197
3220
3198
3221
3199
3222
3200
3223
3201
3224
3202
3225
3203
3226
3204
3227
3205
3228
3206
3229
3207
3230
3208
3231
3209
3232
3210
3233
3211
3234
3212
3235
3213
3236
3214
3237
3215
3238
3239
3217
3240
3218
3241
3219
3242
3220
3243
3221
3244
3222
3245
3223
3246
3224
3247
3225
3248
3226
3249
3227
3250
3228
3251
3229
3252
3230
3253
3231
3254
3232
3255
3233
3256
3234
3257
3235
3258
3236
3259
3237
3260
3238
3261
3239
3262
3263
3241
3264
3242
3265
3243
3266
3244
3267
3245
3268
3246
3269
3247
3270
3248
3271
3249
3272
3250
3273
3251
3274
3252
3275
3253
3276
3254
3277
3255
3278
3256
3279
3257
3280
3258
3281
3259
3282
3260
3283
3261
3284
3262
3285
3263
3286
3287
3265
3288
3266
3289
3267
3290
3268
3291
3269
3292
3270
3293
3271
3294
3272
3295
3273
3296
3274
3297
3275
3298
3276
3299
3277
3300
3278
3301
3279
3302
3280
3303
3281
3304
3282
3305
3283
3306
3284
3307
3285
3308
3286
3309
3287
3310
3311
3289
3312
3290
3313
3291
3314
3292
3315
3293
3316
3294
3317
3295
3318
3296
3319
3297
3320
3298
3321
3299
3322
3300
3323
3301
3324
3302
3325
3303
3326
3304
3327
3305
3328
3306
3329
3307
3330
3308
3331
3309
3332
3310
3333
3311
3334
3335
3313
3336
3314
3337
3315
3338
3316
3339
3317
3340
3318
3341
3319
3342
3320
3343
3321
3344
3322
3345
3323
3346
3324
3347
3325
3348
3326
3349
3327
3350
3328
3351
3329
3352
3330
3353
3331
3354
3332
3355
3333
3356
3334
3357
3335
3358
3359
3337
3360
3338
3361
3339
3362
3340
3363
3341
3364
3342
3365
3343
3366
3344
3367
3345
3368
3346
3369
3347
3370
3348
3371
3349
3372
3350
3373
3351
3374
3352
3375
3353
3376
3354
3377
3355
3378
3356
3379
3357
3380
3358
3381
3359
3382
3383
3361
3384
3362
3385
3363
3386
3364
3387
3365
3388
3366
3389
3367
3390
3368
3391
3369
3392
3370
3393
3371
3394
3372
3395
3373
3396
3374
3397
3375
3398
3376
3399
3377
3400
3378
3401
3379
3402
3380
3403
3381
3404
3382
3405
3383
3406
3407
3385
3408
3386
3409
3387
3410
3388
3411
3389
3412
3390
3413
3391
3414
3392
3415
3393
3416
3394
3417
3395
3418
3396
3419
3397
3420
3398
3421
3399
3422
3400
3423
3401
3424
3402
3425
3403
3426
3404
3427
3405
3428
3406
3429
3407
3430
3431
3409
3432
3410
3433
3411
3434
3412
3435
3413
3436
3414
3437
3415
3438
3416
3439
3417
3440
3418
3441
3419
3442
3420
3443
3421
3444
3422
3445
3423
3446
3424
3447
3425
3448
3426
3449
3427
3450
3428
3451
3429
3452
3430
3453
3431
3454
3455
3433
3456
3434
3457
3435
3458
3436
3459
3437
3460
3438
3461
3439
3462
3440
3463
3441
3464
3442
3465
3443
3466
3444
3467
3445
3468
3446
3469
3447
3470
3448
3471
3449
3472
3450
3473
3451
3474
3452
3475
3453
3476
3454
3477
3455
3478
3479
3457
3480
3458
3481
3459
3482
3460
3483
3461
3484
3462
3485
3463
3486
3464
3487
3465
3488
3466
3489
3467
3490
3468
3491
3469
3492
3470
3493
3471
3494
3472
3495
3473
3496
3474
3497
3475
3498
3476
3499
3477
3500
3478
3501
3479
3502
3503
3481
3504
3482
3505
3483
3506
3484
3507
3485
3508
3486
3509
3487
3510
3488
3511
3489
3512
3490
3513
3491
3514
3492
3515
3493
3516
3494
3517
3495
3518
3496
3519
3497
3520
3498
3521
3499
3522
3500
3523
3501
3524
3502
3525
3503
3526
3527
3505
3528
3506
3529
3507
3530
3508
3531
3509
3532
3510
3533
3511
3534
3512
3535
3513
3536
3514
3537
3515
3538
3516
3539
3517
3540
3518
3541
3519
3542
3520
3543
3521
3544
3522
3545
3523
3546
3524
3547
3525
3548
3526
3549
3527
3550
3551
3529
3552
3530
3553
3531
3554
3532
3555
3533
3556
3534
3557
3535
3558
3536
3559
3537
3560
3538
3561
3539
3562
3540
3563
3541
3564
3542
3565
3543
3566
3544
3567
3545
3568
3546
3569
3547
3570
3548
3571
3549
3572
3550
3573
3551
3574
3575
3553
3576
3554
3577
3555
3578
3556
3579
3557
3580
3558
3581
3559
3582
3560
3583
3561
3584
3562
3585
3563
3586
3564
3587
3565
3588
3566
3589
3567
3590
3568
3591
3569
3592
3570
3593
3571
3594
3572
3595
3573
3596
3574
3597
3575
3598
3599
3577
3600
3578
3601
3579
3602
3580
3603
3581
3604
3582
3605
3583
3606
3584
3607
3585
3608
3586
3609
3587
3610
3588
3611
3589
3612
3590
3613
3591
3614
3592
3615
3593
3616
3594
3617
3595
3618
3596
3619
3597
3620
3598
3621
3599
3622
3623
3601
3624
3602
3625
3603
3626
3604
3627
3605
3628
3606
3629
3607
3630
3608
3631
3609
3632
3610
3633
3611
3634
3612
3635
3613
3636
3614
3637
3615
3638
3616
3639
3617
3640
3618
3641
3619
3642
3620
3643
3621
3644
3622
3645
3623
3646
3647
3625
3648
3626
3649
3627
3650
3628
3651
3629
3652
3630
3653
3631
3654
3632
3655
3633
3656
3634
3657
3635
3658
3636
3659
3637
3660
3638
3661
3639
3662
3640
3663
3641
3664
3642
3665
3643
3666
3644
3667
3645
3668
3646
3669
3647
3670
3671
3649
3672
3650
3673
3651
3674
3652
3675
3653
3676
3654
3677
3655
3678
3656
3679
3657
3680
3658
3681
3659
3682
3660
3683
3661
3684
3662
3685
3663
3686
3664
3687
3665
3688
3666
3689
3667
3690
3668
3691
3669
3692
3670
3693
3671
3694
3695
3673
3696
3674
3697
3675
3698
3676
3699
3677
3700
3678
3701
3679
3702
3680
3703
3681
3704
3682
3705
3683
3706
3684
3707
3685
3708
3686
3709
3687
3710
3688
3711
3689
3712
3690
3713
3691
3714
3692
3715
3693
3716
3694
3717
3695
3718
3719
3697
3720
3698
3721
3699
3722
3700
3723
3701
3724
3702
3725
3703
3726
3704
3727
3705
3728
3706
3729
3707
3730
3708
3731
3709
3732
3710
3733
3711
3734
3712
3735
3713
3736
3714
3737
3715
3738
3716
3739
3717
3740
3718
3741
3719
3742
3743
3721
3744
3722
3745
3723
3746
3724
3747
3725
3748
3726
3749
3727
3750
3728
3751
3729
3752
3730
3753
3731
3754
3732
3755
3733
3756
3734
3757
3735
3758
3736
3759
3737
3760
3738
3761
3739
3762
3740
3763
3741
3764
3742
3765
3743
3766
3767
3745
3768
3746
3769
3747
3770
3748
3771
3749
3772
3750
3773
3751
3774
3752
3775
3753
3776
3754
3777
3755
3778
3756
3779
3757
3780
3758
3781
3759
3782
3760
3783
3761
3784
3762
3785
3763
3786
3764
3787
3765
3788
3766
3789
3767
3790
3791
3769
3792
3770
3793
3771
3794
3772
3795
3773
3796
3774
3797
3775
3798
3776
3799
3777
3800
3778
3801
3779
3802
3780
3803
3781
3804
3782
3805
3783
3806
3784
3807
3785
3808
3786
3809
3787
3810
3788
3811
3789
3812
3790
3813
3791
3814
3815
3793
3816
3794
3817
3795
3818
3796
3819
3797
3820
3798
3821
3799
3822
3800
3823
3801
3824
3802
3825
3803
3826
3804
3827
3805
3828
3806
3829
3807
3830
3808
3831
3809
3832
3810
3833
3811
3834
3812
3835
3813
3836
3814
3837
3815
3838
3839
3817
3840
3818
3841
3819
3842
3820
3843
3821
3844
3822
3845
3823
3846
3824
3847
3825
3848
3826
3849
3827
3850
3828
3851
3829
3852
3830
3853
3831
3854
3832
3833
3834
3835
3836
3837
3838
3839
3841
3855
3842
3856
3843
3857
3844
3858
3845
3859
3846
3860
3847
3861
3848
3862
3849
3863
3850
3864
3851
3865
3852
3866
3853
3867
3854
3868
3869
3856
3870
3857
3871
3858
3872
3859
3873
3860
3874
3861
3875
3862
3876
3863
3877
3864
3878
3865
3879
3866
3880
3867
3881
3868
3882
3869
3883
3884
3871
3885
3872
3886
3873
3887
3874
3888
3875
3889
3876
3890
3877
3891
3878
3892
3879
3893
3880
3894
3881
3895
3882
3896
3883
3897
3884
3898
3899
3886
3900
3887
3901
3888
3902
3889
3903
3890
3904
3891
3905
3892
3906
3893
3907
3894
3908
3895
3909
3896
3910
3897
3911
3898
3912
3899
3913
3914
3901
3915
3902
3916
3903
3917
3904
3918
3905
3919
3906
3920
3907
3921
3908
3922
3909
3923
3910
3924
3911
3925
3912
3926
3913
3927
3914
3928
3929
3916
3930
3917
3931
3918
3932
3919
3933
3920
3934
3921
3935
3922
3936
3923
3937
3924
3938
3925
3939
3926
3940
3927
3941
3928
3942
3929
3943
3944
3931
3945
3932
3946
3933
3947
3934
3948
3935
3949
3936
3950
3937
3951
3938
3952
3939
3953
3940
3954
3941
3955
3942
3956
3943
3957
3944
3958
3959
3946
3960
3947
3961
3948
3962
3949
3963
3950
3964
3951
3965
3952
3966
3953
3967
3954
3968
3955
3969
3956
3970
3957
3971
3958
3972
3959
3973
3974
3961
3975
3962
3976
3963
3977
3964
3978
3965
3979
3966
3980
3967
3981
3968
3982
3969
3983
3970
3984
3971
3985
3972
3986
3973
3987
3974
3988
3989
3976
3990
3977
3991
3978
3992
3979
3993
3980
3994
3981
3995
3982
3996
3983
3997
3984
3998
3985
3999
3986
4000
3987
4001
3988
4002
3989
4003
4004
3991
4005
3992
4006
3993
4007
3994
4008
3995
4009
3996
4010
3997
4011
3998
4012
3999
4013
4000
4014
4001
4015
4002
4016
4003
4017
4004
4018
4019
4006
4020
4007
4021
4008
4022
4009
4023
4010
4024
4011
4025
4012
4026
4013
4027
4014
4028
4015
4029
4016
4030
4017
4031
4018
4032
4019
4033
4034
4021
4035
4022
4036
4023
4037
4024
4038
4025
4039
4026
4040
4027
4041
4028
4042
4029
4043
4030
4044
4031
4045
4032
4046
4033
4047
4034
4048
4049
4036
4050
4037
4051
4038
4052
4039
4053
4040
4054
4041
4055
4042
4056
4043
4057
4044
4058
4045
4059
4046
4060
4047
4061
4048
4062
4049
4063
4064
4051
4065
4052
4066
4053
4067
4054
4068
4055
4069
4056
4070
4057
4071
4058
4072
4059
4073
4060
4074
4061
4075
4062
4076
4063
4077
4064
4078
4079
4066
4080
4067
4081
4068
4082
4069
4083
4070
4084
4071
4085
4072
4086
4073
4087
4074
4088
4075
4089
4076
4090
4077
4091
4078
4092
4079
4093
4094
4081
4095
4082
4096
4083
4097
4084
4098
4085
4099
4086
4100
4087
4101
4088
4102
4089
4103
4090
4104
4091
4105
4092
4106
4093
4107
4094
4108
4109
4096
4110
4097
4111
4098
4112
4099
4113
4100
4114
4101
4115
4102
4116
4103
4117
4104
4118
4105
4119
4106
4120
4107
4121
4108
4122
4109
4123
4124
4111
4125
4112
4126
4113
4127
4114
4128
4115
4129
4116
4130
4117
4131
4118
4132
4119
4133
4120
4134
4121
4135
4122
4136
4123
4137
4124
4138
4139
4126
4140
4127
4141
4128
4142
4129
4143
4130
4144
4131
4145
4132
4146
4133
4147
4134
4148
4135
4149
4136
4150
4137
4151
4138
4152
4139
4153
4154
4141
4155
4142
4156
4143
4157
4144
4158
4145
4159
4146
4160
4147
4161
4148
4162
4149
4163
4150
4164
4151
4165
4152
4166
4153
4167
4154
4168
4169
4156
4170
4157
4171
4158
4172
4159
4173
4160
4174
4161
4175
4162
4176
4163
4177
4164
4178
4165
4179
4166
4180
4167
4181
4168
4182
4169
4183
4184
4171
4185
4172
4186
4173
4187
4174
4188
4175
4189
4176
4190
4177
4191
4178
4192
4179
4193
4180
4194
4181
4195
4182
4196
4183
4197
4184
4198
4199
4186
4200
4187
4201
4188
4202
4189
4203
4190
4204
4191
4205
4192
4206
4193
4207
4194
4208
4195
4209
4196
4210
4197
4211
4198
4212
4199
4213
4214
4201
4215
4202
4216
4203
4217
4204
4218
4205
4219
4206
4220
4207
4221
4208
4222
4209
4223
4210
4224
4211
4225
4212
4226
4213
4227
4214
4228
4229
4216
4230
4217
4231
4218
4232
4219
4233
4220
4234
4221
4235
4222
4236
4223
4237
4224
4238
4225
4239
4226
4240
4227
4241
4228
4242
4229
4243
4244
4231
4245
4232
4246
4233
4247
4234
4248
4235
4249
4236
4250
4237
4251
4238
4252
4239
4253
4240
4254
4241
4255
4242
4256
4243
4257
4244
4258
4259
4246
4260
4247
4261
4248
4262
4249
4263
4250
4264
4251
4265
4252
4266
4253
4267
4254
4268
4255
4269
4256
4270
4257
4271
4258
4272
4259
4273
4274
4261
4275
4262
4276
4263
4277
4264
4278
4265
4279
4266
4280
4267
4281
4268
4282
4269
4283
4270
4284
4271
4285
4272
4286
4273
4287
4274
4288
4289
4276
4290
4277
4291
4278
4292
4279
4293
4280
4294
4281
4295
4282
4296
4283
4297
4284
4298
4285
4299
4286
4300
4287
4301
4288
4302
4289
4303
4304
4291
4305
4292
4306
4293
4307
4294
4308
4295
4309
4296
4310
4297
4311
4298
4312
4299
4313
4300
4314
4301
4315
4302
4316
4303
4317
4304
4318
4319
4306
4320
4307
4321
4308
4322
4309
4323
4310
4324
4311
4325
4312
4326
4313
4327
4314
4328
4315
4329
4316
4330
4317
4331
4318
4332
4319
4333
4334
4321
4335
4322
4336
4323
4337
4324
4338
4325
4339
4326
4340
4327
4341
4328
4342
4329
4343
4330
4344
4331
4345
4332
4346
4333
4347
4334
4348
4349
4336
4350
4337
4351
4338
4352
4339
4353
4340
4354
4341
4355
4342
4356
4343
4357
4344
4358
4345
4359
4346
4360
4347
4361
4348
4362
4349
4363
4364
4351
4365
4352
4366
4353
4367
4354
4368
4355
4369
4356
4370
4357
4371
4358
4372
4359
4373
4360
4374
4361
4375
4362
4376
4363
4377
4364
4378
4379
4366
4380
4367
4381
4368
4382
4369
4383
4370
4384
4371
4385
4372
4386
4373
4387
4374
4388
4375
4389
4376
4390
4377
4391
4378
4392
4379
4393
4394
4381
4395
4382
4396
4383
4397
4384
4398
4385
4399
4386
4400
4387
4401
4388
4402
4389
4403
4390
4404
4391
4405
4392
4406
4393
4407
4394
4408
4409
4396
4410
4397
4411
4398
4412
4399
4413
4400
4414
4401
4415
4402
4416
4403
4417
4404
4418
4405
4419
4406
4420
4407
4421
4408
4422
4409
4423
4424
4411
4425
4412
4426
4413
4427
4414
4428
4415
4429
4416
4430
4417
4431
4418
4432
4419
4433
4420
4434
4421
4435
4422
4436
4423
4437
4424
4438
4439
4426
4440
4427
4441
4428
4442
4429
4443
4430
4444
4431
4445
4432
4446
4433
4447
4434
4448
4435
4449
4436
4450
4437
4451
4438
4452
4439
4453
4454
4441
4455
4442
4456
4443
4457
4444
4458
4445
4459
4446
4460
4447
4461
4448
4462
4449
4463
4450
4464
4451
4465
4452
4466
4453
4467
4454
4468
4469
4456
4470
4457
4471
4458
4472
4459
4473
4460
4474
4461
4475
4462
4476
4463
4477
4464
4478
4465
4479
4466
4480
4467
4481
4468
4482
4469
4483
4484
4471
4485
4472
4486
4473
4487
4474
4488
4475
4489
4476
4490
4477
4491
4478
4492
4479
4493
4480
4494
4481
4495
4482
4496
4483
4497
4484
4498
4499
4486
4500
4487
4501
4488
4502
4489
4503
4490
4504
4491
4505
4492
4506
4493
4507
4494
4508
4495
4509
4496
4510
4497
4511
4498
4512
4499
4513
4514
4501
4515
4502
4516
4503
4517
4504
4518
4505
4519
4506
4520
4507
4521
4508
4522
4509
4523
4510
4524
4511
4525
4512
4526
4513
4527
4514
4528
4529
4516
4530
4517
4531
4518
4532
4519
4533
4520
4534
4521
4535
4522
4536
4523
4537
4524
4538
4525
4539
4526
4540
4527
4541
4528
4542
4529
4543
4544
4531
4545
4532
4546
4533
4547
4534
4548
4535
4549
4536
4550
4537
4551
4538
4552
4539
4553
4540
4554
4541
4555
4542
4556
4543
4557
4544
4558
4559
4546
4560
4547
4561
4548
4562
4549
4563
4550
4564
4551
4565
4552
4566
4553
4567
4554
4568
4555
4569
4556
4570
4557
4571
4558
4572
4559
4573
4574
4561
4575
4562
4576
4563
4577
4564
4578
4565
4579
4566
4580
4567
4581
4568
4582
4569
4583
4570
4584
4571
4585
4572
4586
4573
4587
4574
4588
4589
4576
4590
4577
4591
4578
4592
4579
4593
4580
4594
4581
4595
4582
4596
4583
4597
4584
4598
4585
4599
4586
4600
4587
4601
4588
4602
4589
4603
4604
4591
4605
4592
4606
4593
4607
4594
4608
4595
4609
4596
4610
4597
4611
4598
4612
4599
4613
4600
4614
4601
4615
4602
4616
4603
4617
4604
4618
4619
4606
4620
4607
4621
4608
4622
4609
4623
4610
4624
4611
4625
4612
4626
4613
4627
4614
4628
4615
4629
4616
4630
4617
4631
4618
4632
4619
4633
4634
4621
4635
4622
4636
4623
4637
4624
4638
4625
4639
4626
4640
4627
4641
4628
4642
4629
4643
4630
4644
4631
4645
4632
4646
4633
4647
4634
4648
4649
4636
4650
4637
4651
4638
4652
4639
4653
4640
4654
4641
4655
4642
4656
4643
4657
4644
4658
4645
4659
4646
4660
4647
4661
4648
4662
4649
4663
4664
4651
4665
4652
4666
4653
4667
4654
4668
4655
4669
4656
4670
4657
4671
4658
4672
4659
4673
4660
4674
4661
4675
4662
4676
4663
4677
4664
4678
4679
4666
4680
4667
4681
4668
4682
4669
4683
4670
4684
4671
4685
4672
4686
4673
4687
4674
4688
4675
4689
4676
4690
4677
4691
4678
4692
4679
4693
4694
4681
4695
4682
4696
4683
4697
4684
4698
4685
4699
4686
4700
4687
4701
4688
4702
4689
4703
4690
4704
4691
4705
4692
4706
4693
4707
4694
4708
4709
4696
4710
4697
4711
4698
4712
4699
4713
4700
4714
4701
4715
4702
4716
4703
4717
4704
4718
4705
4719
4706
4720
4707
4721
4708
4722
4709
4723
4724
4711
4725
4712
4726
4713
4727
4714
4728
4715
4729
4716
4730
4717
4731
4718
4732
4719
4733
4720
4734
4721
4735
4722
4736
4723
4737
4724
4738
4739
4726
4740
4727
4741
4728
4742
4729
4743
4730
4744
4731
4745
4732
4746
4733
4747
4734
4748
4735
4749
4736
4750
4737
4751
4738
4752
4739
4753
4754
4741
4755
4742
4756
4743
4757
4744
4758
4745
4759
4746
4760
4747
4761
4748
4762
4749
4763
4750
4764
4751
4765
4752
4766
4753
4767
4754
4768
4769
4756
4770
4757
4771
4758
4772
4759
4773
4760
4774
4761
4775
4762
4776
4763
4777
4764
4778
4765
4779
4766
4780
4767
4781
4768
4782
4769
4783
4784
4771
4785
4772
4786
4773
4787
4774
4788
4775
4789
4776
4790
4777
4791
4778
4792
4779
4793
4780
4794
4781
4795
4782
4796
4783
4797
4784
4798
4799
4786
4800
4787
4801
4788
4802
4789
4803
4790
4804
4791
4805
4792
4806
4793
4807
4794
4808
4795
4809
4796
4810
4797
4811
4798
4812
4799
4813
4814
4801
4815
4802
4816
4803
4817
4804
4818
4805
4819
4806
4820
4807
4821
4808
4822
4809
4823
4810
4824
4811
4825
4812
4826
4813
4827
4814
4828
4829
4816
4830
4817
4831
4818
4832
4819
4833
4820
4834
4821
4835
4822
4836
4823
4837
4824
4838
4825
4839
4826
4840
4827
4841
4828
4842
4829
4843
4844
4831
4845
4832
4846
4833
4847
4834
4848
4835
4849
4836
4850
4837
4851
4838
4852
4839
4853
4840
4854
4841
4855
4842
4856
4843
4857
4844
4858
4859
4846
4860
4847
4861
4848
4862
4849
4863
4850
4864
4851
4865
4852
4866
4853
4867
4854
4868
4855
4869
4856
4870
4857
4871
4858
4872
4859
4873
4874
4861
4875
4862
4876
4863
4877
4864
4878
4865
4879
4866
4880
4867
4881
4868
4882
4869
4883
4870
4884
4871
4885
4872
4886
4873
4887
4874
4888
4889
4876
4890
4877
4891
4878
4892
4879
4893
4880
4894
4881
4895
4882
4896
4883
4897
4884
4898
4885
4899
4886
4900
4887
4901
4888
4902
4889
4903
4904
4891
4905
4892
4906
4893
4907
4894
4908
4895
4909
4896
4910
4897
4911
4898
4912
4899
4913
4900
4914
4901
4915
4902
4916
4903
4917
4904
4918
4919
4906
4920
4907
4921
4908
4922
4909
4923
4910
4924
4911
4925
4912
4926
4913
4927
4914
4928
4915
4929
4916
4930
4917
4931
4918
4932
4919
4933
4934
4921
4935
4922
4936
4923
4937
4924
4938
4925
4939
4926
4940
4927
4941
4928
4942
4929
4943
4930
4944
4931
4945
4932
4946
4933
4947
4934
4948
4949
4936
4950
4937
4951
4938
4952
4939
4953
4940
4954
4941
4955
4942
4956
4943
4957
4944
4958
4945
4959
4946
4960
4947
4961
4948
4962
4949
4963
4964
4951
4965
4952
4966
4953
4967
4954
4968
4955
4969
4956
4970
4957
4971
4958
4972
4959
4973
4960
4974
4961
4975
4962
4976
4963
4977
4964
4978
4979
4966
4980
4967
4981
4968
4982
4969
4983
4970
4984
4971
4985
4972
4986
4973
4987
4974
4988
4975
4989
4976
4990
4977
4991
4978
4992
4979
4993
4994
4981
4995
4982
4996
4983
4997
4984
4998
4985
4999
4986
5000
4987
5001
4988
5002
4989
5003
4990
5004
4991
5005
4992
5006
4993
5007
4994
5008
5009
4996
5010
4997
5011
4998
5012
4999
5013
5000
5014
5001
5015
5002
5016
5003
5017
5004
5018
5005
5019
5006
5020
5007
5021
5008
5022
5009
5023
5024
5011
5025
5012
5026
5013
5027
5014
5028
5015
5029
5016
5030
5017
5031
5018
5032
5019
5033
5020
5034
5021
5035
5022
5036
5023
5037
5024
5038
5039
5026
5040
5027
5041
5028
5042
5029
5043
5030
5044
5031
5045
5032
5046
5033
5047
5034
5048
5035
5049
5036
5050
5037
5051
5038
5052
5039
5053
5054
5041
5055
5042
5056
5043
5057
5044
5058
5045
5059
5046
5060
5047
5061
5048
5062
5049
5063
5050
5064
5051
5065
5052
5066
5053
5067
5054
5068
5069
5056
5070
5057
5071
5058
5072
5059
5073
5060
5074
5061
5075
5062
5076
5063
5077
5064
5078
5065
5079
5066
5080
5067
5081
5068
5082
5069
5083
5084
5071
5085
5072
5086
5073
5087
5074
5088
5075
5089
5076
5090
5077
5091
5078
5092
5079
5093
5080
5094
5081
5095
5082
5096
5083
5097
5084
5098
5099
5086
5100
5087
5101
5088
5102
5089
5103
5090
5104
5091
5105
5092
5106
5093
5107
5094
5108
5095
5109
5096
5110
5097
5111
5098
5112
5099
5113
5114
5101
5115
5102
5116
5103
5117
5104
5118
5105
5119
5106
5120
5107
5121
5108
5122
5109
5123
5110
5124
5111
5125
5112
5126
5113
5127
5114
5128
5129
5116
5130
5117
5131
5118
5132
5119
5133
5120
5134
5121
5135
5122
5136
5123
5137
5124
5138
5125
5139
5126
5140
5127
5141
5128
5142
5129
5143
5144
5131
5145
5132
5146
5133
5147
5134
5148
5135
5149
5136
5150
5137
5151
5138
5152
5139
5153
5140
5154
5141
5155
5142
5156
5143
5157
5144
5158
5159
5146
5160
5147
5161
5148
5162
5149
5163
5150
5164
5151
5165
5152
5166
5153
5167
5154
5168
5155
5169
5156
5170
5157
5171
5158
5172
5159
5173
5174
5161
5175
5162
5176
5163
5177
5164
5178
5165
5179
5166
5180
5167
5181
5168
5182
5169
5183
5170
5184
5171
5185
5172
5186
5173
5187
5174
5188
5189
5176
5190
5177
5191
5178
5192
5179
5193
5180
5194
5181
5195
5182
5196
5183
5197
5184
5198
5185
5199
5186
5200
5187
5201
5188
5202
5189
5203
5204
5191
5205
5192
5206
5193
5207
5194
5208
5195
5209
5196
5210
5197
5211
5198
5212
5199
5213
5200
5214
5201
5215
5202
5216
5203
5217
5204
5218
5219
5206
5220
5207
5221
5208
5222
5209
5223
5210
5224
5211
5225
5212
5226
5213
5227
5214
5228
5215
5229
5216
5230
5217
5231
5218
5232
5219
5233
5234
5221
5235
5222
5236
5223
5237
5224
5238
5225
5239
5226
5240
5227
5241
5228
5242
5229
5243
5230
5244
5231
5245
5232
5246
5233
5247
5234
5248
5249
5236
5250
5237
5251
5238
5252
5239
5253
5240
5254
5241
5255
5242
5256
5243
5257
5244
5258
5245
5259
5246
5260
5247
5261
5248
5262
5249
5263
5264
5251
5265
5252
5266
5253
5267
5254
5268
5255
5269
5256
5270
5257
5271
5258
5272
5259
5273
5260
5274
5261
5275
5262
5276
5263
5277
5264
5278
5279
5266
5280
5267
5281
5268
5282
5269
5283
5270
5284
5271
5285
5272
5286
5273
5287
5274
5288
5275
5289
5276
5290
5277
5291
5278
5292
5279
5293
5294
5281
5295
5282
5296
5283
5297
5284
5298
5285
5299
5286
5300
5287
5301
5288
5302
5289
5303
5290
5304
5291
5305
5292
5306
5293
5307
5294
5308
5309
5296
5310
5297
5311
5298
5312
5299
5313
5300
5314
5301
5315
5302
5316
5303
5317
5304
5318
5305
5319
5306
5320
5307
5321
5308
5322
5309
5323
5324
5311
5325
5312
5326
5313
5327
5314
5328
5315
5329
5316
5330
5317
5331
5318
5332
5319
5333
5320
5334
5321
5335
5322
5336
5323
5337
5324
5338
5339
5326
5340
5327
5341
5328
5342
5329
5343
5330
5344
5331
5345
5332
5346
5333
5347
5334
5348
5335
5349
5336
5350
5337
5351
5338
5352
5339
5353
5354
5341
5355
5342
5356
5343
5357
5344
5358
5345
5359
5346
5360
5347
5361
5348
5362
5349
5363
5350
5364
5351
5365
5352
5366
5353
5367
5354
5368
5369
5356
5370
5357
5371
5358
5372
5359
5373
5360
5374
5361
5375
5362
5376
5363
5377
5364
5378
5365
5379
5366
5380
5367
5381
5368
5382
5369
5383
5384
5371
5385
5372
5386
5373
5387
5374
5388
5375
5389
5376
5390
5377
5391
5378
5392
5379
5393
5380
5394
5381
5395
5382
5396
5383
5397
5384
5398
5399
5386
5400
5387
5401
5388
5402
5389
5403
5390
5404
5391
5405
5392
5406
5393
5407
5394
5408
5395
5409
5396
5410
5397
5411
5398
5412
5399
5413
5414
5401
5415
5402
5416
5403
5417
5404
5418
5405
5419
5406
5420
5407
5421
5408
5422
5409
5423
5410
5424
5411
5425
5412
5426
5413
5427
5414
5428
5429
5416
5430
5417
5431
5418
5432
5419
5433
5420
5434
5421
5435
5422
5436
5423
5437
5424
5438
5425
5439
5426
5440
5427
5441
5428
5442
5429
5443
5444
5431
5445
5432
5446
5433
5447
5434
5448
5435
5449
5436
5450
5437
5451
5438
5452
5439
5453
5440
5454
5441
5455
5442
5456
5443
5457
5444
5458
5459
5446
5460
5447
5461
5448
5462
5449
5463
5450
5464
5451
5465
5452
5466
5453
5467
5454
5468
5455
5469
5456
5470
5457
5471
5458
5472
5459
5473
5474
5461
5475
5462
5476
5463
5477
5464
5478
5465
5479
5466
5480
5467
5481
5468
5482
5469
5483
5470
5484
5471
5485
5472
5486
5473
5487
5474
5488
5489
5476
5490
5477
5491
5478
5492
5479
5493
5480
5494
5481
5495
5482
5496
5483
5497
5484
5498
5485
5499
5486
5500
5487
5501
5488
5502
5489
5503
5504
5491
5505
5492
5506
5493
5507
5494
5508
5495
5509
5496
5510
5497
5511
5498
5512
5499
5513
5500
5514
5501
5515
5502
5516
5503
5517
5504
5518
5519
5506
5520
5507
5521
5508
5522
5509
5523
5510
5524
5511
5525
5512
5526
5513
5527
5514
5528
5515
5529
5516
5530
5517
5531
5518
5532
5519
5533
5534
5521
5535
5522
5536
5523
5537
5524
5538
5525
5539
5526
5540
5527
5541
5528
5542
5529
5543
5530
5544
5531
5545
5532
5546
5533
5547
5534
5548
5549
5536
5550
5537
5551
5538
5552
5539
5553
5540
5554
5541
5555
5542
5556
5543
5557
5544
5558
5545
5559
5546
5560
5547
5561
5548
5562
5549
5563
5564
5551
5565
5552
5566
5553
5567
5554
5568
5555
5569
5556
5570
5557
5571
5558
5572
5559
5573
5560
5574
5561
5575
5562
5576
5563
5577
5564
5578
5579
5566
5580
5567
5581
5568
5582
5569
5583
5570
5584
5571
5585
5572
5586
5573
5587
5574
5588
5575
5589
5576
5590
5577
5591
5578
5592
5579
5593
5594
5581
5595
5582
5596
5583
5597
5584
5598
5585
5599
5586
5600
5587
5601
5588
5602
5589
5603
5590
5604
5591
5605
5592
5606
5593
5607
5594
5608
5609
5596
5610
5597
5611
5598
5612
5599
5613
5600
5614
5601
5615
5602
5616
5603
5617
5604
5618
5605
5619
5606
5620
5607
5621
5608
5622
5609
5623
5624
5611
5625
5612
5626
5613
5627
5614
5628
5615
5629
5616
5630
5617
5631
5618
5632
5619
5633
5620
5634
5621
5635
5622
5636
5623
5637
5624
5638
5639
5626
5640
5627
5641
5628
5642
5629
5643
5630
5644
5631
5645
5632
5646
5633
5647
5634
5648
5635
5649
5636
5650
5637
5651
5638
5652
5639
5653
5654
5641
5655
5642
5656
5643
5657
5644
5658
5645
5659
5646
5660
5647
5661
5648
5662
5649
5663
5650
5664
5651
5665
5652
5666
5653
5667
5654
5668
5669
5656
5670
5657
5671
5658
5672
5659
5673
5660
5674
5661
5675
5662
5676
5663
5677
5664
5678
5665
5679
5666
5680
5667
5681
5668
5682
5669
5683
5684
5671
5685
5672
5686
5673
5687
5674
5688
5675
5689
5676
5690
5677
5691
5678
5692
5679
5693
5680
5694
5681
5695
5682
5696
5683
5697
5684
5698
5699
5686
5700
5687
5701
5688
5702
5689
5703
5690
5704
5691
5705
5692
5706
5693
5707
5694
5708
5695
5709
5696
5710
5697
5711
5698
5712
5699
5713
5714
5701
5715
5702
5716
5703
5717
5704
5718
5705
5719
5706
5720
5707
5721
5708
5722
5709
5723
5710
5724
5711
5725
5712
5726
5713
5727
5714
5728
5729
5716
5730
5717
5731
5718
5732
5719
5733
5720
5734
5721
5735
5722
5736
5723
5737
5724
5738
5725
5739
5726
5740
5727
5741
5728
5742
5729
5743
5744
5731
5745
5732
5746
5733
5747
5734
5748
5735
5749
5736
5750
5737
5751
5738
5752
5739
5753
5740
5754
5741
5755
5742
5756
5743
5757
5744
5758
5759
5746
5760
5747
5761
5748
5762
5749
5763
5750
5764
5751
5765
5752
5766
5753
5767
5754
5768
5755
5769
5756
5770
5757
5771
5758
5772
5759
5773
5774
5761
5775
5762
5776
5763
5777
5764
5778
5765
5779
5766
5780
5767
5781
5768
5782
5769
5783
5770
5784
5771
5785
5772
5786
5773
5787
5774
5788
5789
5776
5790
5777
5791
5778
5792
5779
5793
5780
5794
5781
5795
5782
5796
5783
5797
5784
5798
5785
5799
5786
5800
5787
5801
5788
5802
5789
5803
5804
5791
5805
5792
5806
5793
5807
5794
5808
5795
5809
5796
5810
5797
5811
5798
5812
5799
5813
5800
5814
5801
5815
5802
5816
5803
5817
5804
5818
5819
5806
5820
5807
5821
5808
5822
5809
5823
5810
5824
5811
5825
5812
5826
5813
5827
5814
5828
5815
5829
5816
5830
5817
5831
5818
5832
5819
5833
5834
5821
5835
5822
5836
5823
5837
5824
5838
5825
5839
5826
5840
5827
5841
5828
5842
5829
5843
5830
5844
5831
5845
5832
5846
5833
5847
5834
5848
5849
5836
5850
5837
5851
5838
5852
5839
5853
5840
5854
5841
5855
5842
5856
5843
5857
5844
5858
5845
5859
5846
5860
5847
5861
5848
5862
5849
5863
5864
5851
5865
5852
5866
5853
5867
5854
5868
5855
5869
5856
5870
5857
5871
5858
5872
5859
5873
5860
5874
5861
5875
5862
5876
5863
5877
5864
5878
5879
5866
5880
5867
5881
5868
5882
5869
5883
5870
5884
5871
5885
5872
5886
5873
5887
5874
5888
5875
5889
5876
5890
5877
5891
5878
5892
5879
5893
5894
5881
5895
5882
5896
5883
5897
5884
5898
5885
5899
5886
5900
5887
5901
5888
5902
5889
5903
5890
5904
5891
5905
5892
5906
5893
5907
5894
5908
5909
5896
5910
5897
5911
5898
5912
5899
5913
5900
5914
5901
5915
5902
5916
5903
5917
5904
5918
5905
5919
5906
5920
5907
5921
5908
5922
5909
5923
5924
5911
5925
5912
5926
5913
5927
5914
5928
5915
5929
5916
5930
5917
5931
5918
5932
5919
5933
5920
5934
5921
5935
5922
5936
5923
5937
5924
5938
5939
5926
5940
5927
5941
5928
5942
5929
5943
5930
5944
5931
5945
5932
5946
5933
5947
5934
5948
5935
5949
5936
5950
5937
5951
5938
5952
5939
5953
5954
5941
5955
5942
5956
5943
5957
5944
5958
5945
5959
5946
5960
5947
5961
5948
5962
5949
5963
5950
5964
5951
5965
5952
5966
5953
5967
5954
5968
5969
5956
5970
5957
5971
5958
5972
5959
5973
5960
5974
5961
5975
5962
5976
5963
5977
5964
5978
5965
5979
5966
5980
5967
5981
5968
5982
5969
5983
5984
5971
5985
5972
5986
5973
5987
5974
5988
5975
5989
5976
5990
5977
5991
5978
5992
5979
5993
5980
5994
5981
5995
5982
5996
5983
5997
5984
5998
5999
5986
6000
5987
6001
5988
6002
5989
6003
5990
6004
5991
6005
5992
6006
5993
6007
5994
6008
5995
6009
5996
6010
5997
6011
5998
6012
5999
6013
6014
6001
6015
6002
6016
6003
6017
6004
6018
6005
6019
6006
6020
6007
6021
6008
6022
6009
6023
6010
6024
6011
6025
6012
6026
6013
6027
6014
6028
6029
6016
6030
6017
6031
6018
6032
6019
6033
6020
6034
6021
6035
6022
6036
6023
6037
6024
6038
6025
6039
6026
6040
6027
6041
6028
6042
6029
6043
6044
6031
6045
6032
6046
6033
6047
6034
6048
6035
6049
6036
6050
6037
6051
6038
6052
6039
6053
6040
6054
6041
6055
6042
6056
6043
6057
6044
6058
6059
6046
6060
6047
6061
6048
6062
6049
6063
6050
6064
6051
6065
6052
6066
6053
6067
6054
6068
6055
6069
6056
6070
6057
6071
6058
6072
6059
6073
6074
6061
6075
6062
6076
6063
6077
6064
6078
6065
6079
6066
6080
6067
6081
6068
6082
6069
6083
6070
6084
6071
6085
6072
6086
6073
6087
6074
6088
6089
6076
6090
6077
6091
6078
6092
6079
6093
6080
6094
6081
6095
6082
6096
6083
6097
6084
6098
6085
6099
6086
6100
6087
6101
6088
6102
6089
6103
6104
6091
6105
6092
6106
6093
6107
6094
6108
6095
6109
6096
6110
6097
6111
6098
6112
6099
6113
6100
6114
6101
6115
6102
6116
6103
6117
6104
6118
6119
6106
6120
6107
6121
6108
6122
6109
6123
6110
6124
6111
6125
6112
6126
6113
6127
6114
6128
6115
6129
6116
6130
6117
6131
6118
6132
6119
6133
6134
6121
6135
6122
6136
6123
6137
6124
6138
6125
6139
6126
6140
6127
6141
6128
6142
6129
6143
6130
6144
6131
6145
6132
6146
6133
6147
6134
6148
6149
6136
6150
6137
6151
6138
6152
6139
6153
6140
6154
6141
6155
6142
6156
6143
6157
6144
6158
6145
6159
6146
6160
6147
6161
6148
6162
6149
6163
6164
6151
6165
6152
6166
6153
6167
6154
6168
6155
6169
6156
6170
6157
6171
6158
6172
6159
6173
6160
6174
6161
6175
6162
6176
6163
6177
6164
6178
6179
6166
6180
6167
6181
6168
6182
6169
6183
6170
6184
6171
6185
6172
6186
6173
6187
6174
6188
6175
6189
6176
6190
6177
6191
6178
6192
6179
6193
6194
6181
6195
6182
6196
6183
6197
6184
6198
6185
6199
6186
6200
6187
6201
6188
6202
6189
6203
6190
6204
6191
6205
6192
6206
6193
6207
6194
6208
6209
6196
6210
6197
6211
6198
6212
6199
6213
6200
6214
6201
6215
6202
6216
6203
6217
6204
6218
6205
6219
6206
6220
6207
6221
6208
6222
6209
6223
6224
6211
6225
6212
6226
6213
6227
6214
6228
6215
6229
6216
6230
6217
6231
6218
6232
6219
6233
6220
6234
6221
6235
6222
6236
6223
6237
6224
6238
6239
6226
6240
6227
6241
6228
6242
6229
6243
6230
6244
6231
6245
6232
6246
6233
6247
6234
6248
6235
6249
6236
6250
6237
6251
6238
6252
6239
6253
6254
6241
6255
6242
6256
6243
6257
6244
6258
6245
6259
6246
6260
6247
6261
6248
6262
6249
6263
6250
6264
6251
6265
6252
6266
6253
6267
6254
6268
6269
6256
6257
6258
6259
6260
6261
6262
6263
6264
6265
6266
6267
6268
6269
)


// ************************************************************************* //
